NAME : CON3-7
TYPE : VRPSPD
DIMENSION : 51
VEHICLES : 4
CAPACITY : 8290151
DISTANCE : 0
EDGE_WEIGHT_TYPE : EXPLICIT
EDGE_WEIGHT_FORMAT : FULL_MATRIX
EDGE_WEIGHT_SECTION
0 422610 39686 510968 108569 599197 453158 131639 397418 190424 307205 578320 500452 185020 154703 282640 195979 521589 407332 163343 223288 412639 509874 162488 128417 466504 29604 165411 229588 510924 129394 401846 214000 80392 91052 560844 138343 165316 373802 256325 175791 114234 41082 399439 271682 133092 222482 483605 523914 213054 433004 
422610 0 429176 548787 486296 595645 381871 290973 424987 267941 708848 826341 748180 607244 293121 699980 616323 934223 746933 514644 453595 641455 737279 268126 399708 549332 424598 352976 330376 187656 302213 798063 613210 473880 362625 804069 361615 408098 722001 655585 592428 391062 442787 743641 675462 490443 645083 381722 483693 576742 527073 
39686 429176 0 549873 142272 564478 426188 141789 434751 215220 286432 613884 461574 181456 179819 270839 187947 506977 374038 126389 262975 373033 547113 162240 94311 429619 69094 138749 203967 530363 127810 379901 190975 112907 124378 596837 174366 204564 341240 275005 163252 82545 77262 427773 251466 168626 221699 517034 492595 179877 396165 
510968 548787 549873 0 447085 1044076 847146 485696 133564 396775 763916 369400 1011401 607971 414796 705926 630375 917864 905080 673426 295938 921174 288318 524023 617589 938342 483361 622170 662641 438059 525564 852493 691823 468566 432104 348498 380115 345855 869952 520122 631563 600347 483185 453562 731462 421303 617367 191936 944076 716296 906141 
108569 486296 142272 447085 0 706636 560813 208799 351796 223904 321759 471708 578560 169067 193982 273694 189513 507559 458459 241754 151516 500197 406647 250759 235870 571525 83690 273685 337276 539804 222403 414289 244787 29514 123929 454866 135192 120079 423213 169368 185804 222444 67585 292851 287715 28587 191208 459664 632480 273973 538117 
599197 595645 564478 1044076 706636 0 214085 564522 911348 647731 640526 1177486 380121 676088 633636 692374 663861 824027 526260 501538 803118 328153 1106981 522100 470897 148802 627212 440933 387115 783114 527100 673917 593348 677365 640012 1159812 686025 737203 531507 817131 634268 485094 640079 986362 630384 732224 712402 930516 112060 519758 178092 
453158 381871 426188 847146 560813 214085 0 384767 713600 456249 592198 1018806 452863 577384 448585 624493 571713 807470 535364 408842 630417 359427 941469 338548 334811 196196 477255 288069 223594 569169 352649 652728 519049 533463 470730 999430 510241 564820 526329 699092 540755 343953 493494 852560 571183 582596 618011 722150 102825 450058 188917 
131639 290973 141789 485696 208799 564522 384767 0 356594 95602 427785 636690 554869 316398 70921 411374 326213 648593 499300 249752 245767 454499 557362 47088 150529 452705 135998 138454 178201 390681 40276 520588 331971 190212 91911 616719 125516 180546 468938 375475 303689 134839 154847 494171 393027 221305 354120 410593 472194 310387 420445 
397418 424987 434751 133564 351796 911348 713600 356594 0 265207 673551 429786 894726 519906 285828 622924 541010 848637 801281 560684 204524 800826 340020 392945 494467 808204 371939 494449 531893 341061 396792 765837 593352 368233 312330 407235 260782 237513 766777 459754 537059 477244 375164 440865 639377 329853 536472 131922 810735 608588 776358 
190424 267941 215220 396775 223904 647731 456249 95602 265207 0 497622 586602 649701 368017 35737 470156 382299 709674 586020 335430 195830 549934 502011 127789 244519 543208 179718 233452 266769 322591 135369 592205 403913 217101 106476 565380 93756 141926 554311 391345 364969 228167 194631 477608 462105 224356 400808 315215 549921 393461 511574 
307205 708848 286432 763916 321759 640526 592198 427785 673551 497622 0 689653 352190 155965 461892 73926 133590 228001 176969 201059 471737 328255 654993 441358 314099 492449 321305 367900 417490 816545 407974 94922 96004 307019 395503 680374 434899 438860 146170 281021 137624 319721 310561 452163 35603 344749 154167 777789 615456 145362 466697 
578320 826341 613884 369400 471708 1177486 1018806 636690 429786 586602 689653 0 1019315 556856 581296 616475 578244 754357 863510 701880 393295 956694 90326 683757 706708 1043181 550321 739179 799194 770344 666350 752797 659333 501191 548192 22630 512275 456582 829715 410290 596994 692395 537538 240187 668625 445437 540301 545618 1098589 715891 1009796 
500452 748180 461574 1011401 578560 380121 452863 554869 894726 649701 352190 1019315 0 462613 619422 423265 441717 474136 184378 339212 720851 106766 970936 536174 405319 267411 528393 423732 421976 911061 516894 342594 360133 552020 582396 1006986 634075 665718 207861 611838 422404 421968 530289 790364 361363 607021 483178 964754 414431 307152 265040 
185020 607244 181456 607971 169067 676088 577384 316398 519906 368017 155965 556856 462613 0 333268 105249 23078 343121 312833 175193 316769 406902 512360 342916 250336 529276 188686 305388 367644 690602 308593 246097 102494 159137 261743 544985 292998 288600 277805 150859 42982 247364 173441 329873 124461 190116 41528 628512 625574 165358 498237 
154703 293121 179819 414796 193982 633636 448585 70921 285828 35737 461892 581296 619422 333268 0 434930 347169 674429 551598 301147 188014 521019 498966 111716 214217 523564 144677 208707 248459 357590 110996 556468 368188 184757 72746 560599 73035 127291 519633 362840 329458 197459 160148 458799 426381 197366 366710 345586 539082 358575 491349 
282640 699980 270839 705926 273694 692374 624493 411374 622924 470156 73926 616475 423265 105249 434930 0 88021 239518 250745 217663 418826 391025 583834 432393 319860 543577 290466 375757 432264 792492 398053 147398 105455 264356 364556 607569 397823 393559 219262 209461 107711 321579 276517 378455 64226 293309 88688 733355 657876 176473 515663 
195979 616323 187947 630375 189513 663861 571713 326213 541010 382299 133590 578244 441717 23078 347169 88021 0 327451 290013 165392 338412 388608 534776 350178 249580 516334 202581 305309 366078 704759 315750 224836 81879 177639 276564 566660 310187 308339 255054 170436 30967 248196 188495 349450 101552 211521 48541 648220 616546 148593 485798 
521589 934223 506977 917864 507559 824027 807470 648593 848637 709674 228001 754357 474136 343121 674429 239518 327451 0 299353 428939 644555 496188 746147 666123 541987 681922 529982 595899 644554 1031959 632197 154879 321797 501519 604009 751686 635974 627420 292803 398007 345841 547148 515864 520023 259492 523770 316352 965108 817616 371392 661384 
407332 746933 374038 905080 458459 526260 535364 499300 801281 586020 176969 863510 184378 312833 551598 250745 290013 299353 0 250609 609144 198179 824197 496249 354800 387838 430383 394835 421385 884928 468213 158750 215734 436581 497708 853289 545498 564075 35401 453301 279197 367692 426124 627775 194885 485234 323491 890737 529387 194374 370816 
163343 514644 126389 673426 241754 501538 408842 249752 560684 335430 201059 701880 339212 175193 301147 217663 165392 428939 250609 0 381643 258613 644103 251981 115234 355789 190112 167251 217249 638730 221321 284762 113148 214085 250677 687048 300683 327602 219389 316979 134720 123891 191111 491120 172122 270339 213391 642677 451161 62277 324130 
223288 453595 262975 295938 151516 803118 630417 245767 204524 195830 471737 393295 720851 316769 188014 418826 338412 644555 609144 381643 0 635668 311888 292465 343417 679906 194081 362876 416996 453619 278788 562853 396255 172720 163105 372679 120263 66067 574014 261986 337015 326862 190585 294057 438278 126999 332005 322997 715717 421290 646555 
412639 641455 373033 921174 500197 328153 359427 454499 800826 549934 328255 956694 106766 406902 521019 391025 388608 496188 198179 258613 635668 0 901842 433031 307194 191661 441621 320443 315534 804754 415648 348072 307852 472143 489477 942753 541494 577302 204573 557670 364351 324260 445992 736428 326799 528764 434513 865090 336942 242230 179080 
509874 737279 547113 288318 406647 1106981 941469 557362 340020 502011 654993 90326 970936 512360 498966 583834 534776 746147 824197 644103 311888 901842 0 604215 637917 976375 480984 666547 724582 680246 588943 726204 613661 436036 471200 67700 432019 376840 789531 374374 549941 622817 469920 227220 630540 379014 501772 458121 1024278 664434 942877 
162488 268126 162240 524023 250759 522100 338548 47088 392945 127789 441358 683757 536174 342916 111716 432393 350178 666123 496249 251981 292465 433031 604215 0 141469 415434 173054 112596 138979 388679 34430 531850 345497 229825 138236 663755 172217 227481 467802 414519 325150 129032 192086 539142 407632 265307 382319 436106 427551 314138 383887 
128417 399708 94311 617589 235870 470897 334811 150529 494467 244519 314099 706708 405319 250336 214217 319860 249580 541987 354800 115234 343417 307194 637917 141469 0 338796 156949 56026 117472 530138 115037 399860 221241 206750 186157 689261 237796 280081 326677 364281 219845 17253 169194 521647 282982 261337 291851 559438 398426 177094 305290 
466504 549332 429619 938342 571525 148802 196196 452705 808204 543208 492449 1043181 267411 529276 523564 543577 516334 681922 387838 355789 679906 191661 976375 415434 338796 0 495499 318785 276484 730751 413071 529777 444786 542022 518196 1026372 567256 614995 389261 672571 487091 354461 506594 844451 481687 598237 564855 844318 147516 371257 33508 
29604 424598 69094 483361 83690 627212 477255 135998 371939 179718 321305 550321 528393 188686 144677 290466 202581 529982 430383 190112 194081 441621 480984 173054 156949 495499 0 190739 253810 502228 142203 416227 230725 58129 74509 532608 115998 137508 396356 241499 186116 142149 19043 376441 285709 106056 223170 462244 550273 236808 461991 
165411 352976 138749 622170 273685 440933 288069 138454 494449 233452 367900 739179 423732 305388 208707 375757 305309 595899 394835 167251 362876 320443 666547 112596 56026 318785 190739 0 65224 494441 98231 451563 276244 245803 200096 720840 248499 297303 369125 413458 275738 58634 206125 564575 337567 296766 346914 546848 359795 227574 285822 
229588 330376 203967 662641 337276 387115 223594 178201 531893 266769 417490 799194 421976 367644 248459 432264 366078 644554 421385 217249 416996 315534 724582 138979 117472 276484 253810 65224 0 489238 140039 496001 329757 309871 254182 780411 299005 350940 399555 478646 335889 123220 269908 629021 389362 359456 409130 571034 299713 273198 245130 
510924 187656 530363 438059 539804 783114 569169 390681 341061 322591 816545 770344 911061 690602 357590 792492 704759 1031959 884928 638730 453619 804754 680246 388679 530138 730751 502228 494441 489238 0 417562 910264 721334 537396 428917 747742 404628 432380 856275 699507 686568 517444 517183 743949 781324 533835 722887 248195 671229 700228 706496 
129394 302213 127810 525564 222403 527100 352649 40276 396792 135369 407974 666350 516894 308593 110996 398053 315750 632197 468213 221321 278788 415648 588943 34430 115037 413071 142203 98231 140039 417562 0 499025 312020 199852 118158 646844 159542 212824 438917 383474 290755 100726 161095 513328 374031 239005 348121 449730 437035 283151 380668 
401846 798063 379901 852493 414289 673917 652728 520588 765837 592205 94922 752797 342594 246097 556468 147398 224836 154879 158750 284762 562853 348072 726204 531850 399860 529777 416227 451563 496001 910264 499025 0 188933 400840 490403 745575 529692 532448 143670 353248 232015 407215 405411 512701 130518 436181 235965 871878 663477 224091 508111 
214000 613210 190975 691823 244787 593348 519049 331971 593352 403913 96004 659333 360133 102494 368188 105455 81879 321797 215734 113148 396255 307852 613661 345497 221241 444786 230725 276244 329757 721334 312020 188933 0 225287 303893 647349 346160 356168 180335 252314 64068 225529 222099 431323 62340 270728 126661 691674 554137 73634 415586 
80392 473880 112907 468566 29514 677365 533463 190212 368233 217101 307019 501191 552020 159137 184757 264356 177639 501519 436581 214085 172720 472143 436036 229825 206750 542022 58129 245803 309871 537396 199852 400840 225287 0 112292 484378 134802 131897 401528 185274 169563 193609 40227 319289 272210 57238 186676 471062 603939 249139 508619 
91052 362625 124378 432104 123929 640012 470730 91911 312330 106476 395503 548192 582396 261743 72746 364556 276564 604009 497708 250677 163105 489477 471200 138236 186157 518196 74509 200096 254182 428917 118158 490403 303893 112292 0 528710 52029 97264 464445 293283 260625 169013 88304 402750 359899 131874 294346 393030 553491 303333 484991 
560844 804069 596837 348498 454866 1159812 999430 616719 407235 565380 680374 22630 1006986 544985 560599 607569 566660 751686 853289 687048 372679 942753 67700 663755 689261 1026372 532608 720840 780411 747742 646844 745575 647349 484378 528710 0 492018 436398 819252 400040 584586 674751 520208 234139 658484 428236 529821 523516 1079968 702586 992948 
138343 361615 174366 380115 135192 686025 510241 125516 260782 93756 434899 512275 634075 292998 73035 397823 310187 635974 545498 300683 120263 541494 432019 172217 237796 567256 115998 248499 299005 404628 159542 529692 346160 134802 52029 492018 0 55760 511756 299300 297917 220598 124431 386122 399426 131861 321463 346251 596489 351338 534216 
165316 408098 204564 345855 120079 737203 564820 180546 237513 141926 438860 456582 665718 288600 127291 393559 308339 627420 564075 327602 66067 577302 376840 227481 280081 614995 137508 297303 350940 432380 212824 532448 356168 131897 97264 436398 55760 0 529446 267338 301460 263262 138370 335897 404104 105344 311104 339930 649677 372292 581714 
373802 722001 341240 869952 423213 531507 526329 468938 766777 554311 146170 829715 207861 277805 519633 219262 255054 292803 35401 219389 574014 204573 789531 467802 326677 389261 396356 369125 399555 856275 438917 143670 180335 401528 464445 819252 511756 529446 0 419427 243839 338851 391691 594758 161380 449923 289456 857388 527136 161364 369622 
256325 655585 275005 520122 169368 817131 699092 375475 459754 391345 281021 410290 611838 150859 362840 209461 170436 398007 453301 316979 261986 557670 374374 414519 364281 672571 241499 413458 478646 699507 383474 353248 252314 185274 293283 400040 299300 267338 419427 0 193331 355778 222497 179075 258454 167441 130035 583990 758007 315732 640586 
175791 592428 163252 631563 185804 634268 540755 303689 537059 364969 137624 596994 422404 42982 329458 107711 30967 345841 279197 134720 337015 364351 549941 325150 219845 487091 186116 275738 335889 686568 290755 232015 64068 169563 260625 584586 297917 301460 243839 193331 0 219178 174002 372128 102650 210370 78688 640165 585867 122494 456283 
114234 391062 82545 600347 222444 485094 343953 134839 477244 228167 319721 692395 421968 247364 197459 321579 248196 547148 367692 123891 326862 324260 622817 129032 17253 354461 142149 58634 123220 517444 100726 407215 225529 193609 169013 674751 220598 263262 338851 355778 219178 0 155264 510272 287704 247324 288862 542860 410484 186161 320972 
41082 442787 77262 483185 67585 640079 493494 154847 375164 194631 310561 537538 530289 173441 160148 276517 188495 515864 426124 191111 190585 445992 469920 192086 169194 506594 19043 206125 269908 517183 161095 405411 222099 40227 88304 520208 124431 138370 391691 222497 174002 155264 0 359441 275053 92145 206649 469596 564956 233923 473115 
399439 743641 427773 453562 292851 986362 852560 494171 440865 477608 452163 240187 790364 329873 458799 378455 349450 520023 627775 491120 294057 736428 227220 539142 521647 844451 376441 564575 629021 743949 513328 512701 431323 319289 402750 234139 386122 335897 594758 179075 372128 510272 359441 0 433411 274323 307317 572782 919997 494272 811849 
271682 675462 251466 731462 287715 630384 571183 393027 639377 462105 35603 668625 361363 124461 426381 64226 101552 259492 194885 172122 438278 326799 630540 407632 282982 481687 285709 337567 389362 781324 374031 130518 62340 272210 359899 658484 399426 404104 161380 258454 102650 287704 275053 433411 0 311299 128903 742692 599531 121221 454476 
133092 490443 168626 421303 28587 732224 582596 221305 329853 224356 344749 445437 607021 190116 197366 293309 211521 523770 485234 270339 126999 528764 379014 265307 261337 598237 106056 296766 359456 533835 239005 436181 270728 57238 131874 428236 131861 105344 449923 167441 210370 247324 92145 274323 311299 0 208171 441509 656322 302065 564788 
222482 645083 221699 617367 191208 712402 618011 354120 536472 400808 154167 540301 483178 41528 366710 88688 48541 316352 323491 213391 332005 434513 501772 382319 291851 564855 223170 346914 409130 722887 348121 235965 126661 186676 294346 529821 321463 311104 289456 130035 78688 288862 206649 307317 128903 208171 0 649623 664500 196292 534339 
483605 381722 517034 191936 459664 930516 722150 410593 131922 315215 777789 545618 964754 628512 345586 733355 648220 965108 890737 642677 322997 865090 458121 436106 559438 844318 462244 546848 571034 248195 449730 871878 691674 471062 393030 523516 346251 339930 857388 583990 640165 542860 469596 572782 742692 441509 649623 0 823623 696362 814484 
523914 483693 492595 944076 632480 112060 102825 472194 810735 549921 615456 1098589 414431 625574 539082 657876 616546 817616 529387 451161 715717 336942 1024278 427551 398426 147516 550273 359795 299713 671229 437035 663477 554137 603939 553491 1079968 596489 649677 527136 758007 585867 410484 564956 919997 599531 656322 664500 823623 0 481466 158721 
213054 576742 179877 716296 273973 519758 450058 310387 608588 393461 145362 715891 307152 165358 358575 176473 148593 371392 194374 62277 421290 242230 664434 314138 177094 371257 236808 227574 273198 700228 283151 224091 73634 249139 303333 702586 351338 372292 161364 315732 122494 186161 233923 494272 121221 302065 196292 696362 481466 0 341956 
433004 527073 396165 906141 538117 178092 188917 420445 776358 511574 466697 1009796 265040 498237 491349 515663 485798 661384 370816 324130 646555 179080 942877 383887 305290 33508 461991 285822 245130 706496 380668 508111 415586 508619 484991 992948 534216 581714 369622 640586 456283 320972 473115 811849 454476 564788 534339 814484 158721 341956 0 
PICKUP_AND_DELIVERY_SECTION
1 0 0 10000000 0 0 0
2 0 0 10000000 0 231303 172176
3 0 0 10000000 0 180412 142240
4 0 0 10000000 0 344436 470053
5 0 0 10000000 0 250845 125965
6 0 0 10000000 0 756037 378248
7 0 0 10000000 0 637486 589676
8 0 0 10000000 0 925991 525351
9 0 0 10000000 0 524597 741085
10 0 0 10000000 0 340868 493664
11 0 0 10000000 0 753280 594608
12 0 0 10000000 0 610774 359639
13 0 0 10000000 0 998538 575069
14 0 0 10000000 0 896417 703793
15 0 0 10000000 0 498866 378955
16 0 0 10000000 0 195698 167087
17 0 0 10000000 0 269113 310140
18 0 0 10000000 0 187076 259298
19 0 0 10000000 0 154682 100406
20 0 0 10000000 0 581007 538746
21 0 0 10000000 0 264026 371431
22 0 0 10000000 0 238515 261857
23 0 0 10000000 0 195912 119091
24 0 0 10000000 0 333699 252636
25 0 0 10000000 0 291767 422174
26 0 0 10000000 0 717719 622269
27 0 0 10000000 0 870915 992146
28 0 0 10000000 0 287143 274792
29 0 0 10000000 0 592396 712078
30 0 0 10000000 0 108298 87208
31 0 0 10000000 0 938717 486120
32 0 0 10000000 0 155944 110378
33 0 0 10000000 0 560845 756042
34 0 0 10000000 0 585408 765936
35 0 0 10000000 0 907560 949915
36 0 0 10000000 0 607626 370771
37 0 0 10000000 0 27396 32004
38 0 0 10000000 0 479920 566467
39 0 0 10000000 0 942124 1132530
40 0 0 10000000 0 925649 1275034
41 0 0 10000000 0 947103 699603
42 0 0 10000000 0 901025 961012
43 0 0 10000000 0 128442 173998
44 0 0 10000000 0 608550 697900
45 0 0 10000000 0 76130 89617
46 0 0 10000000 0 919171 919441
47 0 0 10000000 0 367574 214388
48 0 0 10000000 0 191890 169469
49 0 0 10000000 0 11518 9137
50 0 0 10000000 0 767794 779080
51 0 0 10000000 0 582223 370607
DEPOT_SECTION
1 
-1
EOF
