NAME : CON3-8
TYPE : VRPSPD
DIMENSION : 51
VEHICLES : 4
CAPACITY : 8239189
DISTANCE : 0
EDGE_WEIGHT_TYPE : EXPLICIT
EDGE_WEIGHT_FORMAT : FULL_MATRIX
EDGE_WEIGHT_SECTION
0 627395 453027 64864 522645 183531 196012 91764 80311 517852 326042 6507 210211 332408 46615 265889 137836 261410 140286 423956 137307 86327 167871 144800 623837 424890 387929 477628 153369 117221 500286 147929 205197 125460 118060 53738 505209 558704 132794 60393 116175 152544 494883 444878 175915 109074 132427 78335 168119 141369 326307 
627395 0 1042955 655238 1148826 552179 823319 538450 623046 1129054 525653 623285 836940 298182 670871 695634 589949 416024 719043 673518 562141 694409 787906 495539 1249002 1028127 726103 1080164 474269 688719 210696 684695 422500 503837 509721 609446 1129388 1179156 497045 664564 521799 778947 1113956 894958 451556 576867 537613 599719 630907 599390 854948 
453027 1042955 0 466393 224902 493018 296454 541245 505898 115285 569376 459150 308604 766951 426312 621668 453022 714291 461413 806406 580164 434452 367819 553734 382233 411262 738536 432162 592960 359357 871349 358484 634706 571460 554026 447931 326482 384433 560722 398362 531102 345747 362839 287162 612586 468611 583205 518974 570549 566724 209207 
64864 655238 466393 0 506947 247759 183296 120888 39921 518077 390023 62092 188612 357117 46134 205842 202695 263235 78604 373267 115386 39631 133560 195682 594462 379304 330149 432155 185801 166589 544272 202253 240211 154396 158393 118598 474589 524002 176387 109246 168463 132528 458940 493022 208461 173398 126060 58254 115952 101343 365626 
522645 1148826 224902 506947 0 627212 327158 613672 545119 127732 733920 527242 318335 855053 481653 594297 577413 770099 466613 769433 618870 467791 376276 655147 157491 265505 689215 261462 675904 470415 1003217 487005 726462 647900 639391 540416 126271 170279 651786 485057 627898 375236 173202 507573 698264 580081 632975 565197 580774 592611 402723 
183531 552179 493018 247759 627212 0 328980 176558 251159 586282 142578 185698 353152 299103 222939 435835 53711 309192 323624 568541 270013 267461 331547 108886 752867 587615 549626 639009 172214 159335 380299 140702 181525 176942 148230 131003 640380 699759 137003 170319 111764 304125 640030 368702 178026 74456 245254 236268 331928 295061 303739 
196012 823319 296454 183296 327158 328980 0 286584 222841 335979 459199 200373 29311 528191 154541 326469 275428 445676 165061 510997 298214 145992 72193 333841 431186 265717 446556 314738 349372 172754 688403 204329 400897 320907 313648 220158 314676 372053 327142 165991 305658 51661 311241 406682 371924 267929 308713 240919 276375 277828 263033 
91764 538450 541245 120888 613672 176558 286584 0 99209 609159 307075 86687 298677 241785 132648 266096 153522 174461 195274 392216 93687 158224 250276 86810 710754 500192 374556 553043 65222 189904 423710 209332 119484 34612 40959 99103 591363 642686 60111 142950 67519 240667 578003 503394 88066 117564 69347 76523 162183 122636 398800 
80311 623046 505898 39921 545119 251159 222841 99209 0 557933 391056 74912 226990 325001 81662 187366 211821 225107 98067 344230 75506 77481 169862 182579 628891 406876 307971 459473 160840 194547 520909 227462 214779 129347 139751 130057 508896 556563 158758 136293 157955 171755 491198 522786 182644 178843 88431 23940 87809 64421 399247 
517852 1129054 115285 518077 127732 586282 335979 609159 557933 0 674343 523428 338363 844295 483802 644092 541760 777173 496039 826515 633439 481787 400424 634424 278819 366906 751712 374503 666288 440334 966571 447043 712328 641639 627844 522922 248430 297616 637104 469511 609501 387635 292234 401607 687351 552224 641613 574553 610260 613778 319807 
326042 525653 569376 390023 733920 142578 459199 307075 391056 674343 0 328055 485432 340802 365223 572279 192705 400245 466197 691083 399843 409922 470184 224181 869956 722730 680955 773137 281664 286490 324481 256807 265239 297526 271243 273546 762377 823753 254897 309550 239577 440536 766795 372174 277458 216994 371729 374305 467983 429346 362191 
6507 623285 459150 62092 527242 185698 200373 86687 74912 523428 328055 0 213930 327850 48966 261148 141075 255402 138799 418137 130829 86333 170233 142936 627362 426546 382780 479333 149075 123587 497870 153953 201362 120676 114431 57155 508563 561685 129702 66889 114434 156100 497702 451094 171731 111310 125984 72079 162693 135338 332790 
210211 836940 308604 188612 318335 353152 29311 298677 226990 338363 485432 213930 0 540360 166082 313207 299456 451801 157754 497917 301389 149548 62065 351571 413744 238023 430508 287769 362698 199041 707267 231866 415292 333257 328258 239528 295637 351106 342753 186875 323079 58010 288933 433783 385470 289698 314651 246861 271949 277680 289930 
332408 298182 766951 357117 855053 299103 528191 241785 325001 844295 340802 327850 540360 0 374420 417991 321756 136489 421546 448252 266952 396375 490041 213716 951248 730963 477002 783253 179343 407633 232335 411656 132350 207318 216921 321417 831508 880976 207253 375027 235936 482366 815774 667058 157411 299791 240691 301588 340010 305451 596474 
46615 670871 426312 46134 481653 222939 154541 132648 81662 483802 365223 48966 166082 374420 0 249576 173410 293457 103735 419285 154015 45202 121330 191415 578949 378354 374623 431069 196683 122176 546762 159090 249658 167199 163083 92332 459951 512781 178639 66813 162790 108078 448748 447209 219494 149326 158134 92661 162084 145685 319545 
265889 695634 621668 205842 594297 435835 326469 266096 187366 644092 572279 261148 313207 417991 249576 0 398975 283702 166206 184738 177646 213924 254357 352225 633308 378960 125673 424011 308233 371720 643936 408015 352217 282757 304765 317314 519446 549540 323104 315007 333133 281014 486606 694497 323707 365309 208814 199657 104299 143508 560803 
137836 589949 453022 202695 577413 53711 275428 153522 211821 541760 192705 141075 299456 321756 173410 398975 0 308707 275997 542727 242962 218484 278540 111881 700669 534041 516961 585365 169339 107441 426806 94959 194072 164224 136434 84097 587506 646574 131875 117330 100729 250586 586579 358655 181583 36066 222440 200339 296689 262566 274756 
261410 416024 714291 263235 770099 309192 445676 174461 225107 777173 400245 255402 451801 136489 293457 283702 308707 0 313058 319124 153669 302310 394843 201066 851059 617629 341492 668765 139502 364001 367921 380615 135340 148928 173752 272708 731179 775849 176925 316843 208036 395580 710285 667249 131196 276438 137178 205051 215598 187227 571191 
140286 719043 461413 78604 466613 323624 165061 195274 98067 496039 466197 138799 157754 421546 103735 166206 275997 313058 0 348641 159544 58961 95720 273782 538153 309460 290697 361886 258497 219676 618534 258193 312647 226908 234597 192824 418393 463009 253109 169055 246876 116397 397453 532443 280530 249211 181526 122007 114969 127740 396031 
423956 673518 806406 373267 769433 568541 510997 392216 344230 826515 691083 418137 497917 448252 419285 184738 542727 319124 348641 0 299888 390220 438973 467839 791025 533790 85805 571492 409648 538414 679269 571660 436209 394604 422279 469063 683542 704768 437084 480189 457371 464647 645695 866144 416499 506854 323288 347404 257632 283339 737549 
137307 562141 580164 115386 618870 270013 298214 93687 75506 633439 399843 130829 301389 266952 154015 177646 242962 153669 159544 299888 0 152421 242677 176606 697395 466461 281180 518228 130800 254062 478984 281972 177533 105348 129015 173251 577510 622535 146627 197680 160831 246955 556975 579881 147485 207019 31505 61669 78669 39504 463613 
86327 694409 434452 39631 467791 267461 145992 158224 77481 481787 409922 86333 149548 396375 45202 213924 218484 302310 58961 390220 152421 0 93955 227847 555004 342954 339598 395835 223432 161964 580080 200135 277690 192320 193910 136500 435176 485073 211164 110127 199736 94563 420154 480593 246238 193433 165233 97664 138068 132821 347813 
167871 787906 367819 133560 376276 331547 72193 250276 169862 400424 470184 170233 62065 490041 121330 254357 278540 394843 95720 438973 242677 93955 0 312605 461211 258500 374493 310919 315373 191016 668089 228463 369203 284748 283571 207130 341488 392478 299676 161255 283941 36439 328009 467524 338257 261992 258264 191250 209945 216984 325557 
144800 495539 553734 195682 655147 108886 333841 86810 182579 634424 224181 142936 351571 213716 191415 352225 111881 201066 273782 467839 176606 227847 312605 0 764794 569482 457177 622270 63383 194940 356050 198099 82901 73408 47621 114761 647195 702058 30782 170123 28683 295057 638736 469088 70731 86205 147711 161526 248704 208755 385202 
623837 1249002 382233 594462 157491 752867 431186 710754 628891 278819 869956 627362 413744 951248 578949 633308 700669 851059 538153 791025 697395 555004 461211 764794 0 257303 706191 222972 775461 593558 1119547 616034 828602 745347 741790 651339 120000 86889 756487 596900 736449 471298 146715 664568 798320 697582 716894 651355 645095 665434 554812 
424890 1028127 411262 379304 265505 587615 265717 500192 406876 366906 722730 426546 238023 730963 378354 378960 534041 617629 309460 533790 466461 342954 258500 569482 257303 0 449152 52882 565019 436790 923033 469850 619442 533512 536840 465590 154579 171566 554090 417845 540960 283496 112460 631297 587571 519931 490551 430700 404049 430555 492430 
387929 726103 738536 330149 689215 549626 446556 374556 307971 751712 680955 382780 430508 477002 374623 125673 516961 341492 290697 85805 281180 339598 374493 457177 706191 449152 0 486044 405038 496580 709189 532342 440646 384408 409798 437625 599988 619764 426731 439373 441945 403516 561320 820160 416263 482146 309483 316716 220724 254876 686214 
477628 1080164 432162 432155 261462 639009 314738 553043 459473 374503 773137 479333 287769 783253 431069 424011 585365 668765 361886 571492 518228 395835 310919 622270 222972 52882 486044 0 617842 486810 975915 519062 672266 586325 589722 517888 138600 136171 606966 469588 593732 335064 90800 667053 640378 571930 542708 483324 454442 481927 530946 
153369 474269 592960 185801 675904 172214 349372 65222 160840 666288 281664 149075 362698 179343 196683 308233 169339 139502 258497 409648 130800 223432 315373 63383 775461 565019 405038 617842 0 234913 360086 246070 54423 31609 38937 145034 656212 707830 37465 196825 68983 304726 643192 527988 22886 138013 99439 137085 208449 167973 436364 
117221 688719 359357 166589 470415 159335 172754 189904 194547 440334 286490 123587 199041 407633 122176 371720 107441 364001 219676 538414 254062 161964 191016 194940 593558 436790 496580 486810 234913 0 532973 38889 275353 216291 196087 91384 481250 541059 201576 58263 171745 157794 482191 328274 253735 111987 245786 195492 280892 257757 210536 
500286 210696 871349 544272 1003217 380299 688403 423710 520909 966571 324481 497870 707267 232335 546762 643936 426806 367921 618534 679269 478984 580080 668089 356050 1119547 923033 709189 975915 360086 532973 0 520303 306258 391645 386207 468261 1002692 1058055 369021 522685 384704 651066 994785 696645 338375 423523 448841 497100 556736 518477 672746 
147929 684695 358484 202253 487005 140702 204329 209332 227462 447043 256807 153953 231866 411656 159090 408015 94959 380615 258193 571660 281972 200135 228463 198099 616034 469850 532342 519062 246070 38889 520303 0 280735 231689 208288 111055 506284 567231 210331 93014 178890 194378 509988 297911 262720 111901 270438 225838 314802 289284 190664 
205197 422500 634706 240211 726462 181525 400897 119484 214779 712328 265239 201362 415292 132350 249658 352217 194072 135340 312647 436209 177533 277690 369203 82901 828602 619442 440646 672266 54423 275353 306258 280735 0 85972 87248 189431 709570 761676 75335 243631 103614 357443 697158 548544 32136 168950 146218 190916 256191 216327 468055 
125460 503837 571460 154396 647900 176942 320907 34612 129347 641639 297526 120676 333257 207318 167199 282757 164224 148928 226908 394604 105348 192320 284748 73408 745347 533512 384408 586325 31609 216291 391645 231689 85972 0 28788 124972 625930 677084 42639 173386 65736 275246 612331 520683 54072 129890 75155 105668 181046 140504 422290 
118060 509721 554026 158393 639391 148230 313648 40959 139751 627844 271243 114431 328258 216921 163083 304765 136434 173752 234597 422279 129015 193910 283571 47621 741790 536840 409798 589722 38937 196087 386207 208288 87248 28788 0 106107 622974 675756 19153 158336 36981 270507 611528 494018 59556 102916 100500 117392 201504 161377 398867 
53738 609446 447931 118598 540416 131003 220158 99103 130057 522922 273546 57155 239528 321417 92332 317314 84097 272708 192824 469063 173251 136500 207130 114761 651339 465590 437625 517888 145034 91384 468261 111055 189431 124972 106107 0 534517 590634 114183 55364 87660 184767 528194 407845 165054 57005 159658 121989 216924 185921 299723 
505209 1129388 326482 474589 126271 640380 314676 591363 508896 248430 762377 508563 295637 831508 459951 519446 587506 731179 418393 683542 577510 435176 341488 647195 120000 154579 599988 138600 656212 481250 1002692 506284 709570 625930 622974 534517 0 63730 637984 480662 618716 352730 47998 591114 679088 582360 596895 531387 526290 545833 468088 
558704 1179156 384433 524002 170279 699759 372053 642686 556563 297616 823753 561685 351106 880976 512781 549540 646574 775849 463009 704768 622535 485073 392478 702058 86889 171566 619764 136171 707830 541059 1058055 567231 761676 677084 675756 590634 63730 0 691384 537568 673445 407001 65564 653536 730710 639942 643669 579621 566557 589097 531675 
132794 497045 560722 176387 651786 137003 327142 60111 158758 637104 254897 129702 342753 207253 178639 323104 131875 176925 253109 437084 146627 211164 299676 30782 756487 554090 426731 606966 37465 201576 369021 210331 75335 42639 19153 114183 637984 691384 0 168307 31820 285271 627385 490527 52469 100935 117258 136510 220145 179886 400118 
60393 664564 398362 109246 485057 170319 165991 142950 136293 469511 309550 66889 186875 375027 66813 315007 117330 316843 169055 480189 197680 110127 161255 170123 596900 417845 439373 469588 196825 58263 522685 93014 243631 173386 158336 55364 480662 537568 168307 0 142910 134574 475792 386500 217863 102948 191991 138009 222735 199680 265940 
116175 521799 531102 168463 627898 111764 305658 67519 157955 609501 239577 114434 323079 235936 162790 333133 100729 208036 246876 457371 160831 199736 283941 28683 736449 540960 441945 593732 68983 171745 384704 178890 103614 65736 36981 87660 618716 673445 31820 142910 0 266451 610080 459218 83877 69123 134312 138123 228956 189876 368406 
152544 778947 345747 132528 375236 304125 51661 240667 171755 387635 440536 156100 58010 482366 108078 281014 250586 395580 116397 464647 246955 94563 36439 295057 471298 283496 403516 335064 304726 157794 651066 194378 357443 275246 270507 184767 352730 407001 285271 134574 266451 0 343874 432024 327512 237250 258430 190547 225430 226167 290699 
494883 1113956 362839 458940 173202 640030 311241 578003 491198 292234 766795 497702 288933 815774 448748 486606 586579 710285 397453 645695 556975 420154 328009 638736 146715 112460 561320 90800 643192 482191 994785 509988 697158 612331 611528 528194 47998 65564 627385 475792 610080 343874 0 617880 666060 578522 578187 514320 501244 523554 489465 
444878 894958 287162 493022 507573 368702 406682 503394 522786 401607 372174 451094 433783 667058 447209 694497 358655 667249 532443 866144 579881 480593 467524 469088 664568 631297 820160 667053 527988 328274 696645 297911 548544 520683 494018 407845 591114 653536 490527 386500 459218 432024 617880 0 539635 391103 567452 523171 608519 585961 143900 
175915 451556 612586 208461 698264 178026 371924 88066 182644 687351 277458 171731 385470 157411 219494 323707 181583 131196 280530 416499 147485 246238 338257 70731 798320 587571 416263 640378 22886 253735 338375 262720 32136 54072 59556 165054 679088 730710 52469 217863 83877 327512 666060 539635 0 152543 115997 158780 225942 185769 452226 
109074 576867 468611 173398 580081 74456 267929 117564 178843 552224 216994 111310 289698 299791 149326 365309 36066 276438 249211 506854 207019 193433 261992 86205 697582 519931 482146 571930 138013 111987 423523 111901 168950 129890 102916 57005 582360 639942 100935 102948 69123 237250 578522 391103 152543 0 186389 165964 262343 227437 299840 
132427 537613 583205 126060 632975 245254 308713 69347 88431 641613 371729 125984 314651 240691 158134 208814 222440 137178 181526 323288 31505 165233 258264 147711 716894 490551 309483 542708 99439 245786 448841 270438 146218 75155 100500 159658 596895 643669 117258 191991 134312 258430 578187 567452 115997 186389 0 67883 110011 70170 456317 
78335 599719 518974 58254 565197 236268 240919 76523 23940 574553 374305 72079 246861 301588 92661 199657 200339 205051 122007 347404 61669 97664 191250 161526 651355 430700 316716 483324 137085 195492 497100 225838 190916 105668 117392 121989 531387 579621 136510 138009 138123 190547 514320 523171 158780 165964 67883 0 96394 64065 403634 
168119 630907 570549 115952 580774 331928 276375 162183 87809 610260 467983 162693 271949 340010 162084 104299 296689 215598 114969 257632 78669 138068 209945 248704 645095 404049 220724 454442 208449 280892 556736 314802 256191 181046 201504 216924 526290 566557 220145 222735 228956 225430 501244 608519 225942 262343 110011 96394 0 40556 481424 
141369 599390 566724 101343 592611 295061 277828 122636 64421 613778 429346 135338 277680 305451 145685 143508 262566 187227 127740 283339 39504 132821 216984 208755 665434 430555 254876 481927 167973 257757 518477 289284 216327 140504 161377 185921 545833 589097 179886 199680 189876 226167 523554 585961 185769 227437 70170 64065 40556 0 463607 
326307 854948 209207 365626 402723 303739 263033 398800 399247 319807 362191 332790 289930 596474 319545 560803 274756 571191 396031 737549 463613 347813 325557 385202 554812 492430 686214 530946 436364 210536 672746 190664 468055 422290 398867 299723 468088 531675 400118 265940 368406 290699 489465 143900 452226 299840 456317 403634 481424 463607 0 
PICKUP_AND_DELIVERY_SECTION
1 0 0 10000000 0 0 0
2 0 0 10000000 0 424451 339493
3 0 0 10000000 0 741580 703471
4 0 0 10000000 0 913534 1028653
5 0 0 10000000 0 657003 701680
6 0 0 10000000 0 477497 660060
7 0 0 10000000 0 651175 727284
8 0 0 10000000 0 518251 402145
9 0 0 10000000 0 915996 1135247
10 0 0 10000000 0 857389 1265250
11 0 0 10000000 0 386551 454873
12 0 0 10000000 0 272535 390228
13 0 0 10000000 0 624536 398770
14 0 0 10000000 0 247439 256777
15 0 0 10000000 0 600449 698421
16 0 0 10000000 0 817630 649168
17 0 0 10000000 0 191290 215109
18 0 0 10000000 0 286549 246857
19 0 0 10000000 0 448004 271132
20 0 0 10000000 0 206143 177583
21 0 0 10000000 0 210252 234657
22 0 0 10000000 0 575137 772605
23 0 0 10000000 0 209169 303898
24 0 0 10000000 0 852052 522025
25 0 0 10000000 0 322935 352084
26 0 0 10000000 0 845284 979597
27 0 0 10000000 0 741732 642319
28 0 0 10000000 0 634870 577959
29 0 0 10000000 0 94669 65056
30 0 0 10000000 0 588023 512867
31 0 0 10000000 0 275701 252686
32 0 0 10000000 0 677551 864730
33 0 0 10000000 0 508507 382057
34 0 0 10000000 0 541520 397899
35 0 0 10000000 0 614937 328377
36 0 0 10000000 0 589796 539473
37 0 0 10000000 0 539812 470362
38 0 0 10000000 0 572024 489096
39 0 0 10000000 0 646836 860285
40 0 0 10000000 0 122272 156282
41 0 0 10000000 0 542160 301734
42 0 0 10000000 0 732877 891931
43 0 0 10000000 0 742908 942865
44 0 0 10000000 0 4780 5858
45 0 0 10000000 0 129380 186287
46 0 0 10000000 0 590161 604316
47 0 0 10000000 0 509897 360847
48 0 0 10000000 0 275149 152407
49 0 0 10000000 0 150338 97289
50 0 0 10000000 0 482695 471693
51 0 0 10000000 0 156122 173448
DEPOT_SECTION
1 
-1
EOF
