NAME : CON3-2
TYPE : VRPSPD
DIMENSION : 51
VEHICLES : 4
CAPACITY : 8544946
DISTANCE : 0
EDGE_WEIGHT_TYPE : EXPLICIT
EDGE_WEIGHT_FORMAT : FULL_MATRIX
EDGE_WEIGHT_SECTION
0 66847 498627 164141 536708 106275 286243 477340 200473 90146 156292 69878 531613 29097 209086 81446 402976 126204 191835 157622 184924 11648 367806 40185 238667 78842 122580 135242 408738 169472 132073 90406 572642 151648 111896 158317 628085 376609 155605 135505 104109 166330 199632 287587 344083 149580 251503 143177 72777 293999 502696 
66847 0 480355 195163 603550 155719 234657 520572 139363 88601 215409 102402 574330 95514 272369 140283 469676 65681 255239 106426 250194 72432 302729 75699 209735 52834 186616 93823 373122 219627 92952 125193 638440 116746 108018 94328 653854 318806 112444 196190 155665 136552 133170 297276 407721 212324 184845 143018 27292 355230 549425 
498627 480355 0 381283 849992 601027 312781 465276 402799 568102 630099 567023 489245 514387 655398 479144 756698 434111 641052 389001 621538 510236 578977 460095 272387 431285 585402 388876 158707 658809 560996 426806 930014 584085 588294 434700 399601 339714 373641 608415 597370 605638 453392 253523 763681 611769 493135 623345 453571 549205 982776 
164141 195163 381283 0 513315 241976 284469 327352 254696 254022 254908 229494 380563 163724 274323 107130 397766 207231 260385 198858 240369 172965 471182 127599 185574 150717 209896 169622 339234 289902 285559 74046 576209 308125 275939 237495 464103 384429 179288 234321 236847 325638 284954 137347 385707 234248 346899 307125 174487 215649 603035 
536708 603550 849992 513315 0 479664 789813 458851 729214 577198 413275 531878 482685 508184 349301 475923 136538 658488 363618 677059 359861 531876 899173 541336 698378 598618 423574 647724 847934 440761 640996 522559 103257 648568 584713 692284 679090 889277 665098 423998 475574 649788 735930 604162 238082 403952 787703 585595 605091 304890 420575 
106275 155719 601027 241976 479664 0 388576 516878 294885 98987 67465 57229 570679 86664 131267 135416 343126 221362 116129 259265 121876 94927 423381 141706 344802 184156 66182 239780 515011 64247 162750 177508 499608 168912 105067 248916 692354 474525 260060 56329 6275 170943 281726 376653 262610 76766 321936 111173 172647 293788 396936 
286243 234657 312781 284469 789813 388576 0 566259 106976 317252 442478 337024 612415 313194 491995 319628 665025 170066 474841 129318 464011 296326 271254 262939 109876 208096 406143 151774 165499 452823 285411 268302 841825 304683 331895 151855 618505 100130 131704 421420 387708 325194 151049 272769 624570 434076 181249 363757 215954 499544 784038 
477340 520572 465276 327352 458851 516878 566259 0 570930 565192 491266 529623 54336 465558 466260 399083 423860 533267 463151 517845 440174 482980 793225 447822 456632 478062 457633 491159 533330 536363 607358 395534 557936 628412 585509 561646 224054 656463 496183 479776 510633 643671 607859 295095 495579 466787 669792 611189 501459 251452 756476 
200473 139363 402799 254696 729214 294885 106976 570930 0 214733 354363 240092 621483 229330 409505 253508 598515 74491 392264 56150 385010 208739 223459 188126 144601 130613 323041 86363 267378 358484 178669 212375 771305 197707 227615 47187 659979 180063 75702 334623 294989 218243 51073 295731 544555 349786 104331 258331 127790 456907 685422 
90146 88601 568102 254022 577198 98987 317252 565192 214733 0 166442 46003 619525 100039 230035 166219 440744 147799 214471 192440 217562 82729 324394 127277 298248 137158 155285 182368 461156 154389 63922 180037 598580 73533 22136 167560 718101 393776 200627 153334 102284 81943 191727 372972 361318 173253 225563 56299 114700 367100 471527 
156292 215409 630099 254908 413275 67465 442478 491266 354363 166442 0 123486 543805 129612 64101 151076 276819 279951 50063 313881 61843 146607 490835 183243 386865 234570 45068 291085 557719 45265 230212 203961 432209 235809 171818 309718 681012 532373 311401 22065 64413 236517 345455 392237 195698 24617 388121 173262 228143 252704 354269 
69878 102402 567023 229494 531878 57229 337024 529623 240092 46003 123486 0 583918 66485 186128 131862 395526 167777 170112 208337 172048 58863 368367 110024 302958 139105 109335 192024 470932 118813 109210 157517 555385 119415 59768 193536 691144 420124 211851 108655 59209 126160 224799 356808 319169 128185 264854 81573 122922 323740 447026 
531613 574330 489245 380563 482685 570679 612415 54336 621483 619525 543805 583918 0 519894 516834 453420 460816 585735 514386 569041 491625 537295 844321 501865 503335 531259 510918 542850 569613 588987 661473 449404 584043 682607 639845 613606 197156 700430 547196 532793 564426 697942 659457 339861 539200 519406 721271 665480 554897 300294 800115 
29097 95514 514387 163724 508184 86664 313194 465558 229330 100039 129612 66485 519894 0 180476 66505 374161 155180 163218 185292 155866 24132 394609 55582 260037 105110 93939 161577 430821 147132 151352 93649 543550 168580 119957 187410 624659 404699 181859 108281 83256 180789 228551 294049 315269 121323 279650 147014 101544 271644 479622 
209086 272369 655398 274323 349301 131267 491995 466260 409505 230035 64101 186128 516834 180476 0 181950 212932 335104 17258 365382 34091 200884 554282 229171 426756 284470 86540 340319 596178 95918 293917 237730 369360 299895 235909 366367 667712 584974 360293 77817 127751 300508 404474 408773 135352 60069 449549 236588 281862 217724 329734 
81446 140283 479144 107130 475923 135416 319628 399083 253508 166219 151076 131862 453420 66505 181950 0 346914 184834 165966 201246 150071 84957 442420 67553 245519 123213 106260 172307 414293 183378 213439 55813 522556 232450 186429 219010 560750 417001 190506 129620 130092 245997 265049 243608 308058 132886 322054 213138 133600 214953 504097 
402976 469676 756698 397766 136538 343126 665025 423860 598515 440744 276819 395526 460816 374161 212932 346914 0 526519 227095 547844 223626 397556 763225 410421 579461 468067 287626 519197 736757 305473 504579 396728 178512 512030 448178 559969 647500 763436 537366 287492 339043 513334 602592 504485 115565 267492 653042 449433 472758 210121 353063 
126204 65681 434111 207231 658488 221362 170066 533267 74491 147799 279951 167777 585735 155180 335104 184834 526519 0 317872 46194 311020 134273 265459 117663 161992 62844 248694 50375 315710 285308 127049 151236 698102 149974 163888 34182 645535 253203 60928 260138 221194 171528 81263 280780 470239 275330 141561 197308 53933 394922 614597 
191835 255239 641052 260385 363618 116129 474841 463151 392264 214471 50063 170112 514386 163218 17258 165966 227095 317872 0 348143 23599 183669 538450 212073 410307 267253 69282 323142 579972 87036 278393 221655 385764 285027 221117 349188 661580 567729 343136 61491 112280 286325 387472 395680 152498 43060 432935 223326 264609 217039 342802 
157622 106426 389001 198858 677059 259265 129318 517845 56150 192440 313881 208337 569041 185292 365382 201246 547844 46194 348143 0 338869 167380 275380 138429 117801 81192 278999 30394 269694 323513 172876 157304 722268 195454 209364 50896 616292 219616 22384 293112 258394 216994 91209 250497 499360 306599 152415 243133 86635 401270 655108 
184924 250194 621538 240369 359861 121876 464011 440174 385010 217562 61843 172048 491625 155866 34091 150071 223626 311020 23599 338869 0 177841 539641 201199 395501 257685 64402 312799 564272 104213 281229 205861 388319 289743 226398 343204 637997 558370 332502 65559 117130 292746 383232 374682 160623 45115 431041 232086 257256 195387 363809 
11648 72432 510236 172965 531876 94927 296326 482980 208739 82729 146607 58863 537295 24132 200884 84957 397556 134273 183669 167380 177841 0 370480 51254 250185 89600 114632 145787 420144 158385 129166 99742 566025 147561 104016 165622 636482 385836 166146 126199 92937 161133 205597 298089 336124 141057 255845 134188 81605 294592 491589 
367806 302729 578977 471182 899173 423381 271254 793225 223459 324394 490835 368367 844321 394609 554282 442420 763225 265459 538450 275380 539641 370480 0 375647 358945 327078 475632 302595 422700 475049 260771 416076 922935 258649 321264 233772 879548 251416 297127 477020 426583 264915 186246 517952 685322 496462 124295 332061 310140 656809 755850 
40185 75699 460095 127599 541336 141706 262939 447822 188126 127277 183243 110024 501865 55582 229171 67553 410421 117663 212073 138429 201199 51254 375647 0 204596 57693 143944 111615 375461 202711 159750 53752 584004 181535 149373 151781 591496 357410 131322 161427 138612 198377 197526 247620 361820 172132 254644 181920 66081 281168 534970 
238667 209735 272387 185574 698378 344802 109876 456632 144601 298248 386865 302958 503335 260037 426756 245519 579461 161992 410307 117801 395501 250185 358945 204596 0 163972 345282 116818 170918 407055 288661 189921 757836 311871 317646 166338 520692 205281 101290 364851 342274 333413 194797 164650 553009 373431 247413 352517 183707 400599 739563 
78842 52834 431285 150717 598618 184156 208096 478062 130613 137158 234570 139105 531259 105110 284470 123213 468067 62844 267253 81192 257685 89600 327078 57693 163972 0 198265 56517 332107 247928 145058 88998 641651 169049 158008 96811 603499 300722 76854 213375 182446 189182 144089 244826 418206 226075 203787 193055 26353 332080 581059 
122580 186616 585402 209896 423574 66182 406143 457633 323041 155285 45068 109335 510918 93939 86540 106260 287626 248694 69282 278999 64402 114632 475632 143944 345282 198265 0 254373 515828 83422 218382 159935 452403 228379 166183 280252 641617 498538 274473 24936 60289 233184 319377 347239 221547 28253 366657 176683 195345 228367 398168 
135242 93823 388876 169622 647724 239780 151774 491159 86363 182368 291085 192024 542850 161577 340319 172307 519197 50375 323142 30394 312799 145787 302595 111615 116818 56517 254373 0 279662 303805 173174 127073 694273 196833 201210 71206 596506 245925 20364 269857 238337 218255 116708 231161 473422 282304 178701 235942 69344 370877 636672 
408738 373122 158707 339234 847934 515011 165499 533330 267378 461156 557719 470932 569613 430821 596178 414293 736757 315710 579972 269694 564272 420144 422700 375461 170918 332107 515828 279662 0 577686 440397 358481 915033 461636 478840 307060 524873 181099 260679 535690 512681 482847 315072 254191 719621 543902 345953 512805 348942 543775 910422 
169472 219627 658809 289902 440761 64247 452823 536363 358484 154389 45265 118813 588987 147132 95918 183378 305473 285308 87036 323513 104213 158385 475049 202711 407055 247928 83422 303805 577686 0 215485 232309 450517 216618 153947 312182 724422 538339 324116 58759 65486 213503 343167 426909 212229 69584 379946 146837 236893 297616 333224 
132073 92952 560996 285559 640996 162750 285411 607358 178669 63922 230212 109210 661473 151352 293917 213439 504579 127049 278393 172876 281229 129166 260771 159750 288661 145058 218382 173174 440397 215485 0 212994 662177 24104 61978 134180 746498 351051 187371 217237 166179 45157 144418 389885 424593 237097 167458 83652 118737 422903 520683 
90406 125193 426806 74046 522559 177508 268302 395534 212375 180037 203961 157517 449404 93649 237730 55813 396728 151236 221655 157304 205861 99742 416076 53752 189921 88998 159935 127073 358481 232309 212994 0 573801 235086 201999 184577 538141 367056 143103 182062 173114 252113 232353 200401 363201 187344 292656 233577 108414 244879 558056 
572642 638440 930014 576209 103257 499608 841825 557936 771305 598580 432209 555385 584043 543550 369360 522556 178512 698102 385764 722268 388319 566025 922935 584004 757836 641651 452403 694273 915033 450517 662177 573801 0 666122 602424 730873 779740 939556 712921 447147 496588 663996 771538 679607 238319 428599 818612 597265 644169 380809 352636 
151648 116746 584085 308125 648568 168912 304683 628412 197707 73533 235809 119415 682607 168580 299895 232450 512030 149974 285027 195454 289743 147561 258649 181535 311871 169049 228379 196833 461636 216618 24104 235086 666122 0 63995 154687 769838 366363 210603 224724 173034 21554 159877 413864 427938 244966 175237 75248 142751 439064 511535 
111896 108018 588294 275939 584713 105067 331895 585509 227615 22136 171818 59768 639845 119957 235909 186429 448178 163888 221117 209364 226398 104016 321264 149373 317646 158008 166183 201210 478840 153947 61978 201999 602424 63995 0 180747 739969 405118 218893 161116 109377 67054 200490 395047 364372 181451 228918 35084 134735 383484 461860 
158317 94328 434700 237495 692284 248916 151855 561646 47187 167560 309718 193536 613606 187410 366367 219010 559969 34182 349188 50896 343204 165622 233772 151781 166338 96811 280252 71206 307060 312182 134180 184577 730873 154687 180747 0 666244 226973 72538 290493 249279 175810 47939 300460 501682 306389 109482 212011 87239 428764 638300 
628085 653854 399601 464103 679090 692354 618505 224054 659979 718101 681012 691144 197156 624659 667712 560750 647500 645535 661580 616292 637997 636482 879548 591496 520692 603499 641617 596506 524873 724422 746498 538141 779740 769838 739969 666244 0 688284 594044 665785 686424 788340 706182 365814 713890 656530 764298 770570 629593 463817 973553 
376609 318806 339714 384429 889277 474525 100130 656463 180063 393776 532373 420124 700430 404699 584974 417001 763436 253203 567729 219616 558370 385836 251416 357410 205281 300722 498538 245925 181099 538339 351051 367056 939556 366363 405118 226973 688284 0 226793 512004 474397 384800 206731 361367 718926 526014 207435 433764 304242 599646 865126 
155605 112444 373641 179288 665098 260060 131704 496183 75702 200627 311401 211851 547196 181859 360293 190506 537366 60928 343136 22384 332502 166146 297127 131322 101290 76854 274473 20364 260679 324116 187371 143103 712921 210603 218893 72538 594044 226793 0 290140 258656 232139 113546 228233 493114 302451 174550 253363 88961 385083 656917 
135505 196190 608415 234321 423998 56329 421420 479776 334623 153334 22065 108655 532793 108281 77817 129620 287492 260138 61491 293112 65559 126199 477020 161427 364851 213375 24936 269857 535690 58759 217237 182062 447147 224724 161116 290493 665785 512004 290140 0 51739 227253 327389 371662 212445 20443 371758 166774 207802 246205 376292 
104109 155665 597370 236847 475574 6275 387708 510633 294989 102284 64413 59209 564426 83256 127751 130092 339043 221194 112280 258394 117130 92937 426583 138612 342274 182446 60289 238337 512681 65486 166179 173114 496588 173034 109377 249279 686424 474397 258656 51739 0 175621 282900 371858 260008 72096 324050 116677 171762 287641 398652 
166330 136552 605638 325638 649788 170943 325194 643671 218243 81943 236517 126160 697942 180789 300508 245997 513334 171528 286325 216994 292746 161133 264915 198377 333413 189182 233184 218255 482847 213503 45157 252113 663996 21554 67054 175810 788340 384800 232139 227253 175621 0 178922 433827 425681 247672 189711 67474 162990 449014 498527 
199632 133170 453392 284954 735930 281726 151049 607859 51073 191727 345455 224799 659457 228551 404474 265049 602592 81263 387472 91209 383232 205597 186246 197526 194797 144089 319377 116708 315072 343167 144418 232353 771538 159877 200490 47939 706182 206731 113546 327389 282900 178922 0 340709 539711 344427 62051 227562 131764 476166 662297 
287587 297276 253523 137347 604162 376653 272769 295095 295731 372972 392237 356808 339861 294049 408773 243608 504485 280780 395680 250497 374682 298089 517952 247620 164650 244826 347239 231161 254191 426909 389885 200401 679607 413864 395047 300460 365814 361367 228233 371662 371858 433827 340709 0 511056 371351 399727 428721 271156 299900 738408 
344083 407721 763681 385707 238082 262610 624570 495579 544555 361318 195698 319169 539200 315269 135352 308058 115565 470239 152498 499360 160623 336124 685322 361820 553009 418206 221547 473422 719621 212229 424593 363201 238319 427938 364372 501682 713890 718926 493114 212445 260008 425681 539711 511056 0 195411 583765 359033 416800 251543 260991 
149580 212324 611769 234248 403952 76766 434076 466787 349786 173253 24617 128185 519406 121323 60069 132886 267492 275330 43060 306599 45115 141057 496462 172132 373431 226075 28253 282304 543902 69584 237097 187344 428599 244966 181451 306389 656530 526014 302451 20443 72096 247672 344427 371351 195411 0 390022 187124 222321 229548 371219 
251503 184845 493135 346899 787703 321936 181249 669792 104331 225563 388121 264854 721271 279650 449549 322054 653042 141561 432935 152415 431041 255845 124295 254644 247413 203787 366657 178701 345953 379946 167458 292656 818612 175237 228918 109482 764298 207435 174550 371758 324050 189711 62051 399727 583765 390022 0 249585 188597 535135 686725 
143177 143018 623345 307125 585595 111173 363757 611189 258331 56299 173262 81573 665480 147014 236588 213138 449433 197308 223326 243133 232086 134188 332061 181920 352517 193055 176683 235942 512805 146837 83652 233577 597265 75248 35084 212011 770570 433764 253363 166774 116677 67474 227562 428721 359033 187124 249585 0 169803 401005 437386 
72777 27292 453571 174487 605091 172647 215954 501459 127790 114700 228143 122922 554897 101544 281862 133600 472758 53933 264609 86635 257256 81605 310140 66081 183707 26353 195345 69344 348942 236893 118737 108414 644169 142751 134735 87239 629593 304242 88961 207802 171762 162990 131764 271156 416800 222321 188597 169803 0 346808 568857 
293999 355230 549205 215649 304890 293788 499544 251452 456907 367100 252704 323740 300294 271644 217724 214953 210121 394922 217039 401270 195387 294592 656809 281168 400599 332080 228367 370877 543775 297616 422903 244879 380809 439064 383484 428764 463817 599646 385083 246205 287641 449014 476166 299900 251543 229548 535135 401005 346808 0 509843 
502696 549425 982776 603035 420575 396936 784038 756476 685422 471527 354269 447026 800115 479622 329734 504097 353063 614597 342802 655108 363809 491589 755850 534970 739563 581059 398168 636672 910422 333224 520683 558056 352636 511535 461860 638300 973553 865126 656917 376292 398652 498527 662297 738408 260991 371219 686725 437386 568857 509843 0 
PICKUP_AND_DELIVERY_SECTION
1 0 0 10000000 0 0 0
2 0 0 10000000 0 265563 389593
3 0 0 10000000 0 374572 369870
4 0 0 10000000 0 498946 278480
5 0 0 10000000 0 220055 148093
6 0 0 10000000 0 148737 162148
7 0 0 10000000 0 569041 549476
8 0 0 10000000 0 964691 505700
9 0 0 10000000 0 567602 726111
10 0 0 10000000 0 758263 994102
11 0 0 10000000 0 586925 500312
12 0 0 10000000 0 301969 414828
13 0 0 10000000 0 868548 1096920
14 0 0 10000000 0 141307 73764
15 0 0 10000000 0 990951 735257
16 0 0 10000000 0 86038 99200
17 0 0 10000000 0 658228 850510
18 0 0 10000000 0 689711 695863
19 0 0 10000000 0 688072 597712
20 0 0 10000000 0 455327 572024
21 0 0 10000000 0 532896 458515
22 0 0 10000000 0 555405 483471
23 0 0 10000000 0 129627 179258
24 0 0 10000000 0 741934 1097415
25 0 0 10000000 0 135927 167249
26 0 0 10000000 0 79894 112457
27 0 0 10000000 0 516830 261174
28 0 0 10000000 0 548508 652791
29 0 0 10000000 0 81031 62898
30 0 0 10000000 0 709673 1043631
31 0 0 10000000 0 253797 133126
32 0 0 10000000 0 547909 474240
33 0 0 10000000 0 822535 1095279
34 0 0 10000000 0 804848 946803
35 0 0 10000000 0 370675 226115
36 0 0 10000000 0 696776 757947
37 0 0 10000000 0 465316 303464
38 0 0 10000000 0 19400 15654
39 0 0 10000000 0 418564 235515
40 0 0 10000000 0 942534 823731
41 0 0 10000000 0 971818 631056
42 0 0 10000000 0 741765 974922
43 0 0 10000000 0 56112 43896
44 0 0 10000000 0 627400 472905
45 0 0 10000000 0 809880 699492
46 0 0 10000000 0 564221 497552
47 0 0 10000000 0 655959 630423
48 0 0 10000000 0 775595 410583
49 0 0 10000000 0 317424 166213
50 0 0 10000000 0 193289 232366
51 0 0 10000000 0 712728 901144
DEPOT_SECTION
1 
-1
EOF
