NAME : CON3-3
TYPE : VRPSPD
DIMENSION : 51
VEHICLES : 4
CAPACITY : 8493987
DISTANCE : 0
EDGE_WEIGHT_TYPE : EXPLICIT
EDGE_WEIGHT_FORMAT : FULL_MATRIX
EDGE_WEIGHT_SECTION
0 127854 33930 219128 59752 212011 61167 559928 141577 155396 207889 428965 558329 179488 300837 411430 676065 137847 190818 493831 344781 189494 453077 145181 250278 95842 574986 42835 167493 417243 276838 540652 82068 184260 153895 50614 139714 182252 73348 153876 388643 506159 497295 95884 144758 134889 589277 528190 84322 166710 301217 
127854 0 161437 117422 121969 317862 177061 450654 268837 103933 160446 514637 674976 83203 253134 498364 600696 244728 287219 370159 224354 136866 580867 143152 375438 163892 483355 170395 90815 538425 401305 458225 64435 293699 135968 82384 250438 163666 184554 233745 497571 624833 517114 182720 67831 217393 525744 605020 134137 262275 195111 
33930 161437 0 247771 73677 193025 49033 592209 107664 178756 234465 414782 526069 212359 316446 387811 694350 112460 177255 527704 378516 217553 419433 167540 216512 94594 604509 14358 199130 388369 246557 568705 115024 164251 170520 81824 112404 205094 62463 139453 365632 478274 491996 96323 177229 131830 604986 506671 102860 144937 333791 
219128 117422 247771 0 182068 426202 277829 463148 346453 82157 263003 630284 713891 173372 158684 502053 483879 293806 398712 348923 230529 240581 655236 259376 441272 202986 521946 260256 192572 635970 494275 509015 179306 400075 118654 168762 302808 275672 287926 259513 605325 725260 455368 294086 176582 330970 411971 592880 249124 297124 239225 
59752 121969 73677 182068 0 266298 117629 571753 164404 107192 244270 486488 553744 194636 243454 381132 620802 123264 248263 490584 346214 223039 474196 191346 262121 46522 598362 87928 190214 458288 315107 568664 106693 237693 96972 47558 129746 226303 130713 115684 439176 549114 442011 155635 164731 194607 532122 492636 137987 140778 314253 
212011 317862 193025 426202 266298 0 150858 661454 163674 367387 288135 224701 523547 325590 509471 482908 887035 250303 39760 638212 490047 286605 337916 222136 224275 283057 638477 178667 301743 233656 129992 589915 253925 29170 363266 259541 241673 244932 139281 303431 179742 312359 656539 135665 293411 107340 797992 606431 187550 286367 425421 
61167 177061 49033 277829 117629 150858 0 582104 114095 216528 212122 368890 541167 209509 360840 423598 736981 150622 130639 529954 379410 198954 412937 140300 224370 143505 585057 36692 191381 361597 224658 545800 118283 123282 213960 109476 147763 176935 13481 185779 328134 448982 540319 50208 173792 83136 649479 544578 76221 185979 326941 
559928 450654 592209 463148 571753 661454 582104 0 694606 525616 376980 753015 1118218 380759 606875 947619 775291 692234 621694 152485 234000 384999 988051 449108 805608 614543 118445 595339 393247 891479 783869 161546 477925 651885 566295 527553 696512 419121 581349 684264 809954 958119 913289 553047 415171 561939 756845 1049252 506940 712519 258884 
141577 268837 107664 346453 164404 163674 114095 694606 0 270008 326197 382489 427075 317485 384843 328715 762497 91615 171751 634980 485368 312861 312467 254078 111004 155496 699133 100918 301910 301059 157615 659449 221102 137831 250074 187732 81437 290221 118160 149399 302815 393342 494528 155038 281845 170259 667037 452236 190300 125202 437655 
155396 103933 178756 82157 107192 367387 216528 525616 270008 0 264148 581720 632318 184762 155436 426850 522495 212145 344693 422506 291827 240563 575514 237767 360763 121548 572274 192444 194716 565468 422286 552299 144937 339632 40827 109711 221411 263664 228347 177731 543539 656185 414968 243372 171503 282472 439256 523848 207708 215023 282549 
207889 160446 234465 263003 244270 288135 212122 376980 326197 264148 0 427370 753269 90234 411922 619143 740542 345467 248723 353373 210717 23586 611145 73042 435918 290647 372936 233290 71170 521324 407238 334628 137866 276009 293131 197310 346522 43217 208882 357549 451191 595226 673688 177170 92658 185337 674120 734648 136052 374353 140161 
428965 514637 414782 630284 486488 224701 368890 753015 382489 581720 427370 0 646888 495966 729669 677270 1104179 472503 238270 771814 636950 437142 414967 385780 409646 506944 695657 400526 470174 239010 271206 638912 451117 253775 582724 472014 463155 389631 355968 527270 132483 250200 876845 338652 471594 300173 1018226 797361 381173 507513 563949 
558329 674976 526069 713891 553744 523547 541167 1118218 427075 632318 753269 646888 0 737747 665944 265368 974779 430483 555106 1044292 899145 739667 239265 680982 318224 517372 1126199 523586 725187 416777 401440 1085861 640383 514995 595618 593851 424542 716685 544756 454602 515091 461717 542891 579608 703062 585913 870434 298151 617349 418418 859543 
179488 83203 212359 173372 194636 325590 209509 380759 317485 184762 90234 495966 737747 0 325566 575559 650663 312115 289241 320641 170039 69066 622430 110553 428046 239880 403956 216796 25793 556953 429004 376387 97431 306585 218873 148386 315991 111431 212042 309960 500728 637949 599460 194135 35788 218356 583935 684990 141604 334572 121880 
300837 253134 316446 158684 243454 509471 360840 606875 384843 155436 411922 729669 665944 325566 0 420371 379077 303538 491403 476858 380653 388562 662655 392482 450486 231444 675320 330803 340833 685726 542458 665631 300312 480668 146958 261407 314751 416459 373702 248693 679165 778116 306817 394198 320309 433638 288670 486788 362294 287269 397305 
411430 498364 387811 502053 381132 482908 423598 947619 328715 426850 619143 677270 265368 575559 420371 0 709582 275360 498540 849219 715945 599912 376282 555145 267725 335710 979461 392559 570989 502185 406919 949246 485529 461355 386318 428230 276390 592643 432992 265598 563966 580806 284684 472664 545703 495862 605313 123745 490662 244791 693408 
676065 600696 694350 483879 620802 887035 736981 775291 762497 522495 740542 1104179 974779 650663 379077 709582 0 677532 866668 622844 615805 719687 1021911 743251 817865 610424 879423 708666 672890 1062338 919884 893381 659520 858494 523844 632204 688827 758299 749411 620038 1058207 1154847 455225 765829 659564 804809 104456 719569 727367 655866 668916 
137847 244728 112460 293806 123264 250303 150622 692234 91615 212145 345467 472503 430483 312115 303538 275360 677532 0 251052 613844 469074 327340 366250 279923 150814 90846 712163 117618 303260 385095 244160 678466 216697 222524 182685 164779 11296 317459 161423 58637 394051 477577 406349 200702 279156 229043 580169 394780 215302 37076 433605 
190818 287219 177255 398712 248263 39760 130639 621694 171751 344693 248723 238270 555106 289241 491403 498540 866668 251052 0 599619 452011 247809 375912 183836 248216 270826 599373 163169 264909 272682 167657 551272 222815 40389 344467 235302 243704 205506 117701 300048 212262 349484 656277 104795 258042 71417 779989 622283 154307 287992 386567 
493831 370159 527704 348923 490584 638212 529954 152485 634980 422506 353373 771814 1044292 320641 476858 849219 622844 613844 599619 0 150601 351847 942855 416098 744028 528019 260835 534179 340913 871806 748648 286772 414237 622514 462913 452328 620124 395970 532680 594625 804561 948119 782995 512776 356224 531800 605600 941743 461203 627719 213428 
344781 224354 378516 230529 346214 490047 379410 234000 485368 291827 210717 636950 899145 170039 380653 715945 615805 469074 452011 150601 0 205565 792340 268186 595027 386438 294974 384461 190608 723253 598367 290568 264311 473305 332583 305399 474637 251666 382079 455087 659814 801360 684488 362656 205643 383060 573822 815654 310811 485800 74206 
189494 136866 217553 240581 223039 286605 198954 384999 312861 240563 23586 437142 739667 69066 388562 599912 719687 327340 247809 351847 205565 0 603623 65328 423322 269527 387387 217457 48138 520261 401867 351296 116359 272308 269714 175774 328908 47518 197009 337145 454254 596453 650455 168189 69071 181194 652136 714528 122856 355241 138816 
453077 580867 419433 655236 474196 337916 412937 988051 312467 575514 611145 414967 239265 622430 662655 376282 1021911 366250 375912 942855 792340 603623 0 539006 215468 454581 974242 410934 603566 179016 208256 927033 529346 340232 548689 500189 355950 569504 410829 415397 282534 225500 650444 435482 586729 427222 919582 468151 484145 375961 738081 
145181 143152 167540 259376 191346 222136 140300 449108 254078 237767 73042 385780 680982 110553 392482 555145 743251 279923 183836 416098 268186 65328 539006 0 363277 235968 445346 164432 84870 455707 336585 405501 94104 207094 258618 148144 279852 37557 136256 298734 392842 533195 631485 104215 87002 116013 668854 673030 65421 311099 203716 
250278 375438 216512 441272 262121 224275 224370 805608 111004 360763 435918 409646 318224 428046 450486 267725 817865 150814 248216 744028 595027 423322 215468 363277 0 239452 808620 211250 412858 259013 140711 767691 331188 208140 333238 293183 140482 398640 227054 201866 300682 348664 490553 261388 392505 269094 717652 388970 300514 163393 548552 
95842 163892 94594 202986 46522 283057 143505 614543 155496 121548 290647 506944 517372 239880 231444 335710 610424 90846 270826 528019 386438 269527 454581 235968 239452 0 643830 108108 236425 456216 312464 614796 153199 253900 95365 94042 99882 271590 156976 70170 448234 548279 401488 188277 210837 225530 517670 446280 179250 99715 358228 
574986 483355 604509 521946 598362 638477 585057 118445 699133 572274 372936 695657 1126199 403956 675320 979461 879423 712163 599373 260835 294974 387387 974242 445346 808620 643830 0 604833 409329 859566 766404 58569 495756 634017 611538 551503 714652 410338 581595 713874 769021 917718 977312 548126 434185 548653 853104 1088314 508935 737223 290027 
42835 170395 14358 260256 87928 178667 36692 595339 100918 192444 233290 400526 523586 216796 330803 392559 708666 117618 163169 534179 384461 217457 410934 164432 211250 108108 604833 0 202117 375713 234520 567905 120184 149904 184826 92875 116221 201920 49809 149384 351570 465277 503629 85864 181274 119821 619344 512398 99070 151719 337532 
167493 90815 199130 192572 190214 301743 191381 393247 301910 194716 71170 470174 725187 25793 340833 570989 672890 303260 264909 340913 190608 48138 603566 84870 412858 236425 409329 202117 0 533873 407775 378454 86566 283529 225932 142823 306300 86751 192738 305861 475959 614044 607280 172072 25787 194405 604325 682687 120298 327922 135812 
417243 538425 388369 635970 458288 233656 361597 891479 301059 565468 521324 239010 416777 556953 685726 502185 1062338 385095 272682 871806 723253 520261 179016 455707 259013 456216 859566 375713 533873 0 143812 807643 477202 250383 549728 467853 373821 478111 353926 443230 108913 92509 748362 363298 523499 340199 965248 611396 416168 409830 659077 
276838 401305 246557 494275 315107 129992 224658 783869 157615 422286 407238 271206 401440 429004 542458 406919 919884 244160 167657 748648 598367 401867 208256 336585 140711 312464 766404 234520 407775 143812 0 718829 342619 132665 405933 327317 233006 364769 218926 302745 160600 235833 625948 235936 394132 221957 823757 526245 287581 271716 539132 
540652 458225 568705 509015 568664 589915 545800 161546 659449 552299 334628 638912 1085861 376387 665631 949246 893381 678466 551272 286772 290568 351296 927033 405501 767691 614796 58569 567905 378454 807643 718829 0 463762 587058 590333 521264 680195 369268 541354 684313 715209 863692 963010 506346 403965 503918 860443 1060910 470265 705339 270970 
82068 64435 115024 179306 106693 253925 118283 477925 221102 144937 137866 451117 640383 97431 300312 485529 659520 216697 222815 414237 264311 116359 529346 94104 331188 153199 495756 120184 86566 477202 342619 463762 0 230378 164527 59461 219846 124493 123861 221350 433524 562469 539842 118475 62852 153007 580990 598788 70019 241736 219160 
184260 293699 164251 400075 237693 29170 123282 651885 137831 339632 276009 253775 514995 306585 480668 461355 858494 222524 40389 622514 473305 272308 340232 207094 208140 253900 634017 149904 283529 250383 132665 587058 230378 0 334660 232532 214195 233149 112284 274914 205252 332739 628874 113509 273357 91114 769117 585069 166280 258880 410775 
153895 135968 170520 118654 96972 363266 213960 566295 250074 40827 293131 582724 595618 218873 146958 386318 523844 182685 344467 462913 332583 269714 548689 258618 333238 95365 611538 184826 225932 549728 405933 590333 164527 334660 0 116997 192773 287831 226768 142092 535442 641406 381351 247883 201401 287324 435529 483072 219553 180789 321558 
50614 82384 81824 168762 47558 259541 109476 527553 187732 109711 197310 472014 593851 148386 261407 428230 632204 164779 235302 452328 305399 175774 500189 148144 293183 94042 551503 92875 142823 467853 327317 521264 59461 232532 116997 0 169610 181592 120313 163056 437586 556668 483341 133747 117473 172978 548114 540182 102668 186189 269175 
139714 250438 112404 302808 129746 241673 147763 696512 81437 221411 346522 463155 424542 315991 314751 276390 688827 11296 243704 620124 474637 328908 355950 279852 140482 99882 714652 116221 306300 373821 233006 680195 219846 214195 192773 169610 0 317410 157970 69740 383425 466299 414872 197515 282552 224453 591435 396840 214831 44698 437710 
182252 163666 205094 275672 226303 244932 176935 419121 290221 263664 43217 389631 716685 111431 416459 592643 758299 317459 205506 395970 251666 47518 569504 37557 398640 271590 410338 201920 86751 478111 364769 369268 124493 233149 287831 181592 317410 0 172091 335423 408796 552310 664237 137795 99090 142820 687433 710332 102858 348475 182560 
73348 184554 62463 287926 130713 139281 13481 581349 118160 228347 208882 355968 544756 212042 373702 432992 749411 161423 117701 532680 382079 197009 410829 136256 227054 156976 581595 49809 192738 353926 218926 541354 123861 112284 226768 120313 157970 172091 0 198331 317490 440459 553353 39675 176564 70142 662295 554455 74408 197244 327660 
153876 233745 139453 259513 115684 303431 185779 684264 149399 177731 357549 527270 454602 309960 248693 265598 620038 58637 300048 594625 455087 337145 415397 298734 201866 70170 713874 149384 305861 443230 302745 684313 221350 274914 142092 163056 69740 335423 198331 0 452197 535659 356739 235207 280412 268360 522071 377452 237778 39847 428346 
388643 497571 365632 605325 439176 179742 328134 809954 302815 543539 451191 132483 515091 500728 679165 563966 1058207 394051 212262 804561 659814 454254 282534 392842 300682 448234 769021 351570 475959 108913 160600 715209 433524 205252 535442 437586 383425 408796 317490 452197 0 148799 785724 315090 470168 283678 965821 680589 366199 425241 591280 
506159 624833 478274 725260 549114 312359 448982 958119 393342 656185 595226 250200 461717 637949 778116 580806 1154847 477577 349484 948119 801360 596453 225500 533195 348664 548279 917718 465277 614044 92509 235833 863692 562469 332739 641406 556668 466299 552310 440459 535659 148799 0 835338 446227 605549 419656 1057708 684380 498900 501986 734713 
497295 517114 491996 455368 442011 656539 540319 913289 494528 414968 673688 876845 542891 599460 306817 284684 455225 406349 656277 782995 684488 650455 650444 631485 490553 401488 977312 503629 607280 748362 625948 963010 539842 628874 381351 483341 414872 664237 553353 356739 785724 835338 0 588137 582624 623448 356039 266053 579770 370190 692073 
95884 182720 96323 294086 155635 135665 50208 553047 155038 243372 177170 338652 579608 194135 394198 472664 765829 200702 104795 512776 362656 168189 435482 104215 261388 188277 548126 85864 172072 363298 235936 506346 118475 113509 247883 133747 197515 137795 39675 235207 315090 446227 588137 0 160228 39448 681679 594109 52872 236182 303616 
144758 67831 177229 176582 164731 293411 173792 415171 281845 171503 92658 471594 703062 35788 320309 545703 659564 279156 258042 356224 205643 69071 586729 87002 392505 210837 434185 181274 25787 523499 394132 403965 62852 273357 201401 117473 282552 99090 176564 280412 470168 605549 582624 160228 0 186711 588386 657055 107397 303075 156564 
134889 217393 131830 330970 194607 107340 83136 561939 170259 282472 185337 300173 585913 218356 433638 495862 804809 229043 71417 531800 383060 181194 427222 116013 269094 225530 548653 119821 194405 340199 221957 503918 153007 91114 287324 172978 224453 142820 70142 268360 283678 419656 623448 39448 186711 0 721029 618481 83520 265532 319726 
589277 525744 604986 411971 532122 797992 649479 756845 667037 439256 674120 1018226 870434 583935 288670 605313 104456 580169 779989 605600 573822 652136 919582 668854 717652 517670 853104 619344 604325 965248 823757 860443 580990 769117 435529 548114 591435 687433 662295 522071 965821 1057708 356039 681679 588386 721029 0 618272 646679 556805 618495 
528190 605020 506671 592880 492636 606431 544578 1049252 452236 523848 734648 797361 298151 684990 486788 123745 719569 394780 622283 941743 815654 714528 468151 673030 388970 446280 1088314 512398 682687 611396 526245 1060910 598788 585069 483072 540182 396840 710332 554455 377452 680589 684380 266053 594109 657055 618481 618272 0 609366 362001 799620 
84322 134137 102860 249124 137987 187550 76221 506940 190300 207708 136052 381173 617349 141604 362294 490662 727367 215302 154307 461203 310811 122856 484145 65421 300514 179250 508935 99070 120298 416168 287581 470265 70019 166280 219553 102668 214831 102858 74408 237778 366199 498900 579770 52872 107397 83520 646679 609366 0 247410 253936 
166710 262275 144937 297124 140778 286367 185979 712519 125202 215023 374353 507513 418418 334572 287269 244791 655866 37076 287992 627719 485800 355241 375961 311099 163393 99715 737223 151719 327922 409830 271716 705339 241736 258880 180789 186189 44698 348475 197244 39847 425241 501986 370190 236182 303075 265532 556805 362001 247410 0 454915 
301217 195111 333791 239225 314253 425421 326941 258884 437655 282549 140161 563949 859543 121880 397305 693408 668916 433605 386567 213428 74206 138816 738081 203716 548552 358228 290027 337532 135812 659077 539132 270970 219160 410775 321558 269175 437710 182560 327660 428346 591280 734713 692073 303616 156564 319726 618495 799620 253936 454915 0 
PICKUP_AND_DELIVERY_SECTION
1 0 0 10000000 0 0 0
2 0 0 10000000 0 458711 239681
3 0 0 10000000 0 935740 1073893
4 0 0 10000000 0 68044 89781
5 0 0 10000000 0 626213 775763
6 0 0 10000000 0 870197 845995
7 0 0 10000000 0 582730 674507
8 0 0 10000000 0 556951 408154
9 0 0 10000000 0 959001 1060600
10 0 0 10000000 0 274784 367791
11 0 0 10000000 0 220196 273003
12 0 0 10000000 0 963730 1172625
13 0 0 10000000 0 494546 655536
14 0 0 10000000 0 492329 381375
15 0 0 10000000 0 92534 105999
16 0 0 10000000 0 707970 773912
17 0 0 10000000 0 580405 733741
18 0 0 10000000 0 789184 1171422
19 0 0 10000000 0 981394 809418
20 0 0 10000000 0 80463 95790
21 0 0 10000000 0 479122 272954
22 0 0 10000000 0 892027 995466
23 0 0 10000000 0 142884 175444
24 0 0 10000000 0 260287 347410
25 0 0 10000000 0 167095 145996
26 0 0 10000000 0 207459 145110
27 0 0 10000000 0 387647 477625
28 0 0 10000000 0 896235 1024839
29 0 0 10000000 0 583304 735770
30 0 0 10000000 0 189398 101804
31 0 0 10000000 0 590781 545409
32 0 0 10000000 0 69516 99686
33 0 0 10000000 0 770197 566002
34 0 0 10000000 0 760960 458688
35 0 0 10000000 0 78052 85651
36 0 0 10000000 0 678946 945278
37 0 0 10000000 0 977732 1325182
38 0 0 10000000 0 111504 165202
39 0 0 10000000 0 123276 85130
40 0 0 10000000 0 139157 107798
41 0 0 10000000 0 566875 831731
42 0 0 10000000 0 573617 840222
43 0 0 10000000 0 670578 467238
44 0 0 10000000 0 23630 19669
45 0 0 10000000 0 863130 972219
46 0 0 10000000 0 235211 212991
47 0 0 10000000 0 798282 866541
48 0 0 10000000 0 858854 1030739
49 0 0 10000000 0 456243 628496
50 0 0 10000000 0 908190 1057743
51 0 0 10000000 0 286627 211758
DEPOT_SECTION
1 
-1
EOF
