NAME : CON8-9
TYPE : VRPSPD
DIMENSION : 51
VEHICLES : 9
CAPACITY : 2695587
DISTANCE : 0
EDGE_WEIGHT_TYPE : EXPLICIT
EDGE_WEIGHT_FORMAT : FULL_MATRIX
EDGE_WEIGHT_SECTION
0 578110 43364 101586 172430 523284 152368 51978 511619 231151 31767 196511 161291 82759 556798 165429 199251 483364 457148 115799 375383 235857 87334 125748 274948 600547 551299 351531 564497 63519 237789 465674 41037 128737 161497 106472 441651 208064 163185 40589 394978 158892 139629 164636 103983 456647 48579 510051 168611 97984 141512 
578110 0 575726 678624 745701 899542 589825 629571 1089711 476596 565743 662037 516579 520814 234971 419664 768530 320213 629560 498534 366998 342493 510742 482063 719948 836683 745607 918258 930234 550324 573688 882028 579246 617642 739355 656435 850801 370992 463274 566140 403043 449324 499593 530095 477346 1003483 603949 1086531 608452 480137 682516 
43364 575726 0 107827 170197 484232 195370 65837 516920 264878 16902 157162 123252 57950 537045 177361 221176 457359 414636 146045 346880 237335 66643 102452 317091 557416 593677 371166 525277 29383 194897 428761 84295 171887 168436 84751 403760 205275 190796 82062 423518 181910 172832 203272 117876 482087 89803 520497 125749 102862 177811 
101586 678624 107827 0 72394 483216 200108 49613 411374 312249 114175 177688 219283 165768 644513 266763 120686 562293 480397 208347 450427 336907 174174 210216 274458 592389 588180 265647 524481 136823 264893 417520 115658 159950 61117 66299 398222 307784 256151 125911 481646 255963 226469 236905 205448 381076 95547 412947 179057 198838 119502 
172430 745701 170197 72394 0 447541 264008 121011 347717 382514 180090 179448 264059 226794 698832 337836 115595 610298 490390 280703 497044 405526 236286 269356 312950 577579 638467 229795 488020 197010 287490 377453 187887 221548 36179 97303 362284 374841 328462 198299 552523 328318 298299 306054 276349 353345 166917 355724 201169 267899 164966 
523284 899542 484232 483216 447541 0 670883 501099 592932 746985 500833 327114 436037 495801 734368 630037 561256 619055 305843 627633 536050 647726 504309 502095 756209 200446 1068694 625778 41405 483293 346674 74626 562250 636789 483475 428659 85382 611248 668022 563873 894390 653553 655731 687335 585587 746560 556042 642432 365617 562308 602016 
152368 589825 195370 200108 264008 670883 0 170557 543381 134595 181147 346449 300639 215155 627070 188740 213182 575923 603105 107301 479714 269194 213455 244616 147382 752783 399525 343979 712263 209003 386518 609759 111391 43540 234656 243137 587620 260609 127972 113897 301429 146129 93570 61286 158939 414941 114852 524149 320970 177790 115506 
51978 629571 65837 49613 121011 501099 170557 0 460171 270610 67946 180614 186783 122045 601397 217211 155437 523102 466945 161595 412715 287565 129360 166876 269434 594748 567710 306111 542503 95045 247361 439230 71031 135902 109790 72628 417389 259003 209548 79371 438248 207869 181900 198065 155854 416249 56544 459972 166986 149521 119933 
511619 1089711 516920 411374 347717 592932 543381 460171 0 677840 525187 490045 607201 574189 1044165 673597 332406 950736 771579 603154 837309 747435 583444 617063 494442 781353 803183 213610 621197 544451 608289 522167 514067 502692 350433 443417 528799 719107 647327 526733 843310 653782 612115 601459 613623 249234 489578 62125 530498 609576 429293 
231151 476596 264878 312249 382514 746985 134595 270610 677840 0 247987 421103 329601 253847 552348 145964 346687 523747 624091 119411 445728 201474 246776 261367 244032 798324 368145 477793 787661 263709 425251 693451 199642 175524 357818 337081 667947 212121 82622 192910 170491 103156 92087 77936 165801 541315 216850 658548 382048 190597 248986 
31767 565743 16902 114175 180090 500833 181147 67946 525187 247987 0 173837 129718 54771 533548 162828 222564 456734 425733 129148 347457 225682 61490 99387 306631 571864 578545 373874 541842 31942 206746 445607 71132 159903 175284 99200 420530 194788 174046 67296 406819 165565 155951 186901 102541 482338 80250 526958 140925 89241 171914 
196511 662037 157162 177688 179448 327114 346449 180614 490045 421103 173837 0 145705 176074 567236 315243 287269 465907 310977 301730 353889 352164 185850 195293 448160 415637 745889 407986 368219 158650 118244 272599 236179 315584 206403 112776 246857 315315 344066 237072 574661 331730 329351 360228 263970 532483 232447 512231 53804 242502 294386 
161291 516579 123252 219283 264059 436037 300639 186783 607201 329601 129718 145705 0 85484 437047 196915 338909 346260 303082 217556 233135 214148 88102 68991 434666 468725 686380 484351 474667 97796 96120 395780 197753 286447 274364 166888 366380 177101 247018 190342 461556 228180 246507 289104 164231 600108 209871 619394 91953 139345 300878 
82759 520814 57950 165768 226794 495801 215155 122045 574189 253847 54771 176074 85484 0 479495 139379 277192 401976 388311 136841 292997 186921 10624 44835 350761 547785 603387 428150 535984 29787 175281 446764 114628 202207 226358 135707 419534 152609 172861 106000 399693 157757 165984 206063 89799 537108 130036 578401 130377 66832 224154 
556798 234971 537045 644513 698832 734368 627070 601397 1044165 552348 533548 567236 437047 479495 0 438348 755696 115316 438448 520693 215154 359399 472062 434695 772913 636665 887247 907411 758966 507798 456184 732830 574304 640517 704082 601747 702174 367157 504139 561595 548450 482847 534540 577440 477566 1012622 596745 1054436 519043 468186 689128 
165429 419664 177361 266763 337836 630037 188740 217211 673597 145964 162828 315243 196915 139379 438348 0 348900 391882 480782 83549 304415 81939 129413 128532 334894 661865 514039 498841 669460 161516 292516 584259 160084 205575 325546 261910 556296 73412 71265 147146 264893 47772 96633 141795 61507 589148 184783 667563 267460 75136 264533 
199251 768530 221176 120686 115595 561256 213182 155437 332406 346687 222564 287269 338909 277192 755696 348900 0 678526 596363 273334 567859 427305 283965 321937 212571 692706 544430 152399 601335 250464 384120 489953 189629 171164 82103 183657 476283 403623 315913 202830 514602 324028 280238 269583 292149 261359 165058 319754 297399 293620 97767 
483364 320213 457359 562293 610298 619055 575923 523102 950736 523747 456734 465907 346260 401976 115316 391882 678526 0 324424 468803 113499 322381 396181 357760 723299 525679 879245 827820 643743 428062 350987 618329 506992 582268 619662 513146 587811 318510 462284 495122 555642 439260 487647 533629 418780 939049 527372 965282 420864 404555 621905 
457148 629560 414636 480397 490390 305843 603105 466945 771579 624091 425733 310977 303082 388311 438448 480782 596363 324424 0 518680 265694 460358 391151 366126 731713 208159 987429 717823 324848 395423 220118 323699 496618 585612 516755 414354 296916 430850 542286 490868 731123 520937 547114 591222 463181 842939 504425 804350 301824 438771 586876 
115799 498534 146045 208347 280703 627633 107301 161595 603154 119411 129148 301730 217556 136841 520693 83549 273334 468803 518680 0 374334 165416 130991 152624 254632 684378 469039 420391 668357 144457 311308 574175 92988 122113 262118 222147 548556 153677 47953 82507 279266 50724 29158 73205 56759 506825 115765 593089 263069 80168 184001 
375383 366998 346880 450427 497044 536050 479714 412715 837309 445728 347457 353889 233135 292997 215154 304415 567859 113499 265694 374334 0 248087 288096 249793 626202 473854 810903 716075 564992 317809 241132 525993 401894 481439 507098 399993 494896 233755 375634 390651 507996 352077 396331 443423 320797 828961 420946 851838 307792 303634 515722 
235857 342493 237335 336907 405526 647726 269194 287565 747435 201474 225682 352164 214148 186921 359399 81939 427305 322381 460358 165416 248087 0 176328 157118 413810 654392 563102 578377 685316 214815 301391 609849 237676 287498 397316 320976 580272 37117 144744 224480 271084 123662 175858 218040 135229 670730 262281 744227 299842 138069 345628 
87334 510742 66643 174174 236286 504309 213455 129360 583444 246776 61490 185850 88102 10624 472062 129413 283965 396181 391151 130991 288096 176328 0 38435 351192 553399 598865 435364 544365 39585 180344 455968 116397 202641 234989 145945 428548 142130 165236 106855 390667 149364 160139 201436 81718 543224 133365 587048 139265 57999 227971 
125748 482063 102452 210216 269356 502095 244616 166876 617063 261367 99387 195293 68991 44835 434695 128532 321937 357760 366126 152624 249793 157118 38435 0 385619 537238 621347 472984 541275 73437 165104 458461 153286 237499 270521 175593 429847 120587 178748 142929 393422 159386 180988 225484 97216 581541 171299 622403 143786 72653 266033 
274948 719948 317091 274458 312950 756209 147382 269434 494442 244032 306631 448160 434666 350761 772913 334894 212571 723299 731713 254632 626202 413810 351192 385619 0 863602 332123 280901 797269 337853 511785 688392 236918 148581 276954 335753 670902 407475 269549 244762 377708 290161 238409 196445 305577 310368 227291 460122 435753 322926 154963 
600547 836683 557416 592389 577579 200446 752783 594748 781353 798324 571864 415637 468725 547785 636665 661865 692706 525679 208159 684378 473854 654392 553399 537238 863602 0 1149712 784420 191321 546000 373292 261812 641585 726836 610761 528380 252554 621878 715743 639136 921699 696602 713532 753432 632758 909308 642861 826658 432051 607884 710014 
551299 745607 593677 588180 638467 1068694 399525 567710 803183 368145 578545 745889 686380 603387 887247 514039 544430 879245 987429 469039 810903 563102 598865 621347 332123 1149712 0 594021 1110098 603712 778634 1005202 510588 431908 603407 640040 984571 578861 447000 511614 344831 469535 440388 397432 524248 575958 513624 758357 719382 548694 473839 
351531 918258 371166 265647 229795 625778 343979 306111 213610 477793 373874 407986 484351 428150 907411 498841 152399 827820 717823 420391 716075 578377 435364 472984 280901 784420 594021 0 662480 400549 517099 551241 341042 307124 210914 320655 545511 555623 459878 354268 638105 470567 423414 404557 443551 125941 316705 182379 430408 445860 236963 
564497 930234 525277 524481 488020 41405 712263 542503 621197 787661 541842 368219 474667 535984 758966 669460 601335 643743 324848 668357 564992 685316 544365 541275 797269 191321 1110098 662480 0 523951 383945 112148 603543 678194 524023 470065 126373 649032 708421 605087 934049 693691 696538 728445 625783 782187 597426 672392 405984 602357 643188 
63519 550324 29383 136823 197010 483293 209003 95045 544451 263709 31942 158650 97796 29787 507798 161516 250464 428062 395423 144457 317809 214815 39585 73437 337853 546000 603712 400549 523951 0 177535 431151 101327 190410 197092 106536 404894 181269 185481 95602 416298 173304 172910 208574 106017 511227 112092 549035 118786 86537 203688 
237789 573688 194897 264893 287490 346674 386518 247361 608289 425251 206746 118244 96120 175281 456184 292516 384120 350987 220118 311308 241132 301391 180344 165104 511785 373292 778634 517099 383945 177535 0 313998 277872 366513 308342 200482 283365 265248 342769 273047 556593 324235 340439 381344 259538 639290 284568 629792 87085 234685 367186 
465674 882028 428761 417520 377453 74626 609759 439230 522167 693451 445607 272599 395780 446764 732830 584259 489953 618329 323699 574175 525993 609849 455968 458461 688392 261812 1005202 551241 112148 431151 313998 0 503310 573933 413576 366623 31246 572852 616624 506070 846416 603817 601517 630311 535848 671935 495113 570254 316874 513591 535169 
41037 579246 84295 115658 187887 562250 111391 71031 514067 199642 71132 236179 197753 114628 574304 160084 189629 506992 496618 92988 401894 237676 116397 153286 236918 641585 510588 341042 603543 101327 277872 503310 0 89082 169430 139156 479958 214815 140599 13225 367339 141909 111196 128430 102557 438879 24713 507519 209633 106454 115228 
128737 617642 171887 159950 221548 636789 43540 135902 502692 175524 159903 315584 286447 202207 640517 205575 171164 582268 585612 122113 481439 287498 202641 237499 148581 726836 431908 307124 678194 190410 366513 573933 89082 0 191494 208132 552781 273642 154705 96236 344009 168735 118176 98798 163986 385978 83976 485523 295133 178085 73487 
161497 739355 168436 61117 36179 483475 234656 109790 350433 357818 175284 206403 274364 226358 704082 325546 82103 619662 516755 262118 507098 397316 234989 270521 276954 610761 603407 210914 524023 197092 308342 413576 169430 191494 0 109785 398175 368675 309164 181081 528289 311329 277100 280406 264641 331095 146433 352064 221265 259300 130806 
106472 656435 84751 66299 97303 428659 243137 72628 443417 337081 99200 112776 166888 135707 601747 261910 183657 513146 414354 222147 399993 320976 145945 175593 335753 528380 640040 320655 470065 106536 200482 366623 139156 208132 109785 0 344800 287789 269190 144324 501401 263138 245973 267585 201715 440403 128629 452993 113783 187610 181636 
441651 850801 403760 398222 362284 85382 587620 417389 528799 667947 420530 246857 366380 419534 702174 556296 476283 587811 296916 548556 494896 580272 428548 429847 670902 252554 984571 545511 126373 404894 283365 31246 479958 552781 398175 344800 0 543334 590320 482179 819202 576973 576204 606169 508941 667880 472788 574604 289289 486354 516828 
208064 370992 205275 307784 374841 611248 260609 259003 719107 212121 194788 315315 177101 152609 367157 73412 403623 318510 430850 153677 233755 37117 142130 120587 407475 621878 578861 555623 649032 181269 265248 572852 214815 273642 368675 287789 543334 0 143960 201618 300680 120785 169747 215208 113130 652165 238953 718033 262845 110444 326570 
163185 463274 190796 256151 328462 668022 127972 209548 647327 82622 174046 344066 247018 172861 504139 71265 315913 462284 542286 47953 375634 144744 165236 178748 269549 715743 447000 459878 708421 185481 342769 616624 140599 154705 309164 269190 590320 143960 0 130414 232821 23571 36589 73325 83677 540223 162746 635207 302438 108290 222976 
40589 566140 82062 125911 198299 563873 113897 79371 526733 192910 67296 237072 190342 106000 561595 147146 202830 495122 490868 82507 390651 224480 106855 142929 244762 639136 511614 354268 605087 95602 273047 506070 13225 96236 181081 144324 482179 201618 130414 0 359209 130419 102795 124329 89338 451823 37824 520548 207790 93545 127652 
394978 403043 423518 481646 552523 894390 301429 438248 843310 170491 406819 574661 461556 399693 548450 264893 514602 555642 731123 279266 507996 271084 390667 393422 377708 921699 344831 638105 934049 416298 556593 846416 367339 344009 528289 501401 819202 300680 232821 359209 0 242995 256418 248241 310707 687413 386099 820294 529931 332861 416926 
158892 449324 181910 255963 328318 653553 146129 207869 653782 103156 165565 331730 228180 157757 482847 47772 324028 439260 520937 50724 352077 123662 149364 159386 290161 696602 469535 470567 693691 173304 324235 603817 141909 168735 311329 263138 576973 120785 23571 130419 242995 0 52560 95017 68042 554674 165479 643779 288085 91452 233808 
139629 499593 172832 226469 298299 655731 93570 181900 612115 92087 155951 329351 246507 165984 534540 96633 280238 487647 547114 29158 396331 175858 160139 180988 238409 713532 440388 423414 696538 172910 340439 601517 111196 118176 277100 245973 576204 169747 36589 102795 256418 52560 0 47268 84155 503894 131443 599192 291659 108345 186589 
164636 530095 203272 236905 306054 687335 61286 198065 601459 77936 186901 360228 289104 206063 577440 141795 269583 533629 591222 73205 443423 218040 201436 225484 196445 753432 397432 404557 728445 208574 381344 630311 128430 98798 280406 267585 606169 215208 73325 124329 248241 95017 47268 0 129915 475898 142501 583966 326715 153281 172174 
103983 477346 117876 205448 276349 585587 158939 155854 613623 165801 102541 263970 164231 89799 477566 61507 292149 418780 463181 56759 320797 135229 81718 97216 305577 632758 524248 443551 625783 106017 259538 535848 102557 163986 264641 201715 508941 113130 83677 89338 310707 68042 84155 129915 0 539044 127093 609187 220062 24887 213475 
456647 1003483 482087 381076 353345 746560 414941 416249 249234 541315 482338 532483 600108 537108 1012622 589148 261359 939049 842939 506825 828961 670730 543224 581541 310368 909308 575958 125941 782187 511227 639290 671935 438879 385978 331095 440403 667880 652165 540223 451823 687413 554674 503894 475898 539044 0 415971 193020 552261 545332 325616 
48579 603949 89803 95547 166917 556042 114852 56544 489578 216850 80250 232447 209871 130036 596745 184783 165058 527372 504425 115765 420946 262281 133365 171299 227291 642861 513624 316705 597426 112092 284568 495113 24713 83976 146433 128629 472788 238953 162746 37824 386099 165479 131443 142501 127093 415971 0 482806 211260 129807 94776 
510051 1086531 520497 412947 355724 642432 524149 459972 62125 658548 526958 512231 619394 578401 1054436 667563 319754 965282 804350 593089 851838 744227 587048 622403 460122 826658 758357 182379 672392 549035 629792 570254 507519 485523 352064 452993 574604 718033 635207 520548 820294 643779 599192 583966 609187 193020 482806 0 548419 607656 413224 
168611 608452 125749 179057 201169 365617 320970 166986 530498 382048 140925 53804 91953 130377 519043 267460 297399 420864 301824 263069 307792 299842 139265 143786 435753 432051 719382 430408 405984 118786 87085 316874 209633 295133 221265 113783 289289 262845 302438 207790 529931 288085 291659 326715 220062 552261 211260 548419 0 197134 286470 
97984 480137 102862 198838 267899 562308 177790 149521 609576 190597 89241 242502 139345 66832 468186 75136 293620 404555 438771 80168 303634 138069 57999 72653 322926 607884 548694 445860 602357 86537 234685 513591 106454 178085 259300 187610 486354 110444 108290 93545 332861 91452 108345 153281 24887 545332 129807 607656 197134 0 220943 
141512 682516 177811 119502 164966 602016 115506 119933 429293 248986 171914 294386 300878 224154 689128 264533 97767 621905 586876 184001 515722 345628 227971 266033 154963 710014 473839 236963 643188 203688 367186 535169 115228 73487 130806 181636 516828 326570 222976 127652 416926 233808 186589 172174 213475 325616 94776 413224 286470 220943 0 
PICKUP_AND_DELIVERY_SECTION
1 0 0 10000000 0 0 0
2 0 0 10000000 0 617599 528236
3 0 0 10000000 0 302748 335688
4 0 0 10000000 0 482632 428253
5 0 0 10000000 0 63161 40034
6 0 0 10000000 0 198957 251554
7 0 0 10000000 0 664864 870145
8 0 0 10000000 0 110511 108809
9 0 0 10000000 0 307395 327696
10 0 0 10000000 0 373910 188132
11 0 0 10000000 0 19822 11183
12 0 0 10000000 0 934296 1191096
13 0 0 10000000 0 250534 175650
14 0 0 10000000 0 598461 772230
15 0 0 10000000 0 702032 397838
16 0 0 10000000 0 439562 322694
17 0 0 10000000 0 113467 124427
18 0 0 10000000 0 386022 516077
19 0 0 10000000 0 741326 416096
20 0 0 10000000 0 831279 661407
21 0 0 10000000 0 156478 129149
22 0 0 10000000 0 911759 536857
23 0 0 10000000 0 222426 288683
24 0 0 10000000 0 370405 543850
25 0 0 10000000 0 354103 259758
26 0 0 10000000 0 972849 1411393
27 0 0 10000000 0 612549 363084
28 0 0 10000000 0 982597 848699
29 0 0 10000000 0 596942 699828
30 0 0 10000000 0 67748 63624
31 0 0 10000000 0 612685 805794
32 0 0 10000000 0 199158 168231
33 0 0 10000000 0 456169 526702
34 0 0 10000000 0 497632 577842
35 0 0 10000000 0 322314 329191
36 0 0 10000000 0 571966 697317
37 0 0 10000000 0 52228 30008
38 0 0 10000000 0 664128 351801
39 0 0 10000000 0 351548 512513
40 0 0 10000000 0 318895 375928
41 0 0 10000000 0 137217 188593
42 0 0 10000000 0 564729 772255
43 0 0 10000000 0 357374 423000
44 0 0 10000000 0 401010 522938
45 0 0 10000000 0 182630 128303
46 0 0 10000000 0 261151 273602
47 0 0 10000000 0 652220 542727
48 0 0 10000000 0 358408 438929
49 0 0 10000000 0 289157 144882
50 0 0 10000000 0 197596 185684
51 0 0 10000000 0 730021 427362
DEPOT_SECTION
1 
-1
EOF
