NAME : CON8-4
TYPE : VRPSPD
DIMENSION : 51
VEHICLES : 9
CAPACITY : 3291136
DISTANCE : 0
EDGE_WEIGHT_TYPE : EXPLICIT
EDGE_WEIGHT_FORMAT : FULL_MATRIX
EDGE_WEIGHT_SECTION
0 137690 161108 184878 418234 25938 129536 560882 294777 192830 136103 410942 186018 459609 268925 373044 334327 72900 506231 104943 133706 134309 103085 178502 206242 217035 103651 176207 258947 379134 219948 138069 138628 354540 174127 430264 43412 467578 469798 503595 479051 582000 198488 100248 306217 128644 163307 142079 106415 107863 435906 
137690 0 210179 72247 281023 152816 22520 683122 315519 178860 204967 534988 119586 461529 138122 334986 456230 208329 439022 56737 184302 255210 60817 289378 103198 231729 239070 91775 196882 483635 313509 159710 137963 230514 284839 407847 100191 549685 332424 515821 587534 477021 92554 173992 299023 155120 297435 248244 185324 102603 309547 
161108 210179 0 281643 435245 183940 188438 501474 455421 85681 32262 512031 145940 619324 278565 238129 284493 156568 386186 221890 294487 128276 222955 318071 311623 66402 167605 292316 172062 510316 118433 294582 288863 435490 122335 584589 147120 613332 502763 342594 601873 686726 301278 61375 462688 55310 263561 95481 58362 107595 510536 
184878 72247 281643 0 259715 191808 94714 743322 276411 249585 274415 549561 184637 408434 150749 396250 516132 257744 487010 80162 178275 314110 82504 301804 31306 303614 288379 36507 256409 482979 381169 145405 119266 169685 347872 347362 157258 532799 297177 585161 587588 407442 20596 241531 248452 226874 329825 311932 252591 174327 251030 
418234 281023 435245 259715 0 433745 289441 936290 509416 359317 446602 808408 289350 600058 158190 394860 714812 486761 397384 327305 437855 522724 330932 560454 261961 415246 516949 291779 296164 741799 553444 404357 378123 174136 542533 518603 378154 782504 75764 616539 846283 372403 260978 427885 463515 387082 578143 506549 438791 348146 174187 
25938 152816 183940 191808 433745 0 147679 561066 274174 218703 157273 388456 210760 439816 287626 398895 335950 71342 532080 112045 113707 140751 109392 153084 210070 241647 99892 178276 284520 353764 233203 123253 128290 360398 183383 414060 66637 441646 482572 526491 454143 580626 203300 122608 289308 154066 144698 154278 127534 133410 441984 
129536 22520 188438 94714 289441 147679 0 665956 331286 156688 184463 534143 100261 480139 139947 315817 439473 197404 424073 67430 193399 239626 71213 290879 125713 209225 227769 113473 179045 487787 293668 171778 151922 249908 267234 428243 88716 558412 344330 493893 591088 498378 115062 154723 317544 133235 292011 230506 166132 80877 327969 
560882 683122 501474 743322 936290 561066 665956 0 768654 582095 490240 503648 647322 919393 778677 651920 227215 490063 792599 664909 646829 429244 663450 553468 766754 533171 461314 737084 661176 605119 383049 672140 685023 912050 398776 929679 586373 732636 1001977 552043 624304 1141693 758537 513043 810958 549583 468118 435531 501680 592798 992289 
294777 315519 455421 276411 509416 274174 331286 768654 0 470111 430792 390822 430354 166235 427055 643883 563825 329231 754539 264824 161070 401063 261438 215188 258773 506707 344788 240127 509993 281919 501536 165061 180090 353284 446101 161329 312894 280120 520015 796931 375550 452013 264350 394988 61781 416053 302458 423278 401045 376750 415422 
192830 178860 85681 249585 359317 218703 156688 582095 470111 0 110399 581785 75763 627592 207295 180229 368931 216981 317403 211636 314671 207841 214136 368165 280890 58999 235936 270062 86769 567026 200848 305050 292240 383404 207584 581679 160640 660216 429901 337456 663440 640080 270179 116805 466025 68025 328941 178182 122058 93387 452886 
136103 204967 32262 274415 446602 157273 184463 490240 430792 110399 0 480129 159780 595701 288627 270169 268612 124796 417580 208466 269747 98206 208987 286838 303259 98633 135352 281205 197016 478217 110081 272601 269142 434188 99353 564239 129148 582026 511755 370107 569611 681607 293255 36916 441131 59527 231300 67851 29766 105191 511248 
410942 534988 512031 549561 808408 388456 534143 503648 390822 581785 480129 0 594874 489656 672922 750129 391530 365441 897177 482884 374233 386428 479040 247954 553175 578193 346287 520515 661284 123481 462314 409208 434789 694175 411591 535052 454245 235929 844892 802283 122721 840985 551536 465099 451220 514364 253399 421858 460938 514660 770306 
186018 119586 145940 184637 289350 210760 100261 647322 430354 75763 159780 594874 0 580397 133676 215595 428121 233312 328538 165532 285246 246857 168929 363635 215534 134763 258824 210460 79909 564213 264290 268076 250325 308295 258465 527362 144430 645570 357727 401587 664902 565479 204982 148429 417802 101031 342785 224226 157951 80343 377133 
459609 461529 619324 408434 600058 439816 480139 919393 166235 627592 595701 489656 580397 0 552542 795938 723131 495359 895416 417106 326223 566951 414245 370539 383444 667921 510172 375155 658406 367057 667704 325417 335485 427781 611990 88480 474495 301200 590782 959179 433598 426124 391766 559522 162595 577473 460533 589508 566025 534983 466295 
268925 138122 278565 150749 158190 287626 139947 778677 427055 207295 288627 672922 133676 552542 0 290080 556647 333783 350281 192718 317305 365381 196764 427464 170391 265477 363241 187209 161865 620336 396257 288359 263507 196260 384355 484110 226733 679920 224234 503370 724567 451538 163420 269813 396110 229152 431866 348429 280665 190346 253530 
373044 334986 238129 396250 394860 398895 315817 651920 643883 180229 270169 750129 215595 795938 290080 0 473148 390977 152246 379841 492482 364788 383000 547138 426008 171956 405215 424822 139869 744437 314360 479682 463961 486288 348105 742167 339949 840223 470490 221693 838540 739654 415865 289658 633346 246160 500853 330075 291654 270961 537878 
334327 456230 284493 516132 714812 335950 439473 227215 563825 368931 268612 391530 428121 723131 556647 473148 0 264626 623497 437919 428666 202034 436538 352719 539796 327520 237061 510480 452879 458818 168909 451194 462044 684848 173067 722206 359158 587369 778380 443366 511477 916047 531477 288090 599709 328067 262601 209704 276877 368227 765165 
72900 208329 156568 257744 486761 71342 197404 490063 329231 216981 124796 365441 233312 495359 333783 390977 264626 0 533980 177708 174753 72813 175705 162599 278509 221942 30869 247710 296007 354135 172365 190948 198739 427372 117492 477006 108754 457468 540710 489831 447673 651707 271024 101458 351950 149162 112119 94939 99624 153465 508775 
506231 439022 386186 487010 397384 532080 424073 792599 754539 317403 417580 897177 328538 895416 350281 152246 623497 533980 0 491406 613764 514154 495091 684066 513036 321190 550974 520544 249472 883876 466553 595417 575968 532588 499660 831965 468492 972394 466724 291831 980837 767576 504178 432822 734517 385423 645510 480052 436364 399172 564707 
104943 56737 221890 80162 327305 112045 67430 664909 264824 211636 208466 482884 165532 417106 192718 379841 437919 177708 491406 0 127611 236270 4092 235749 101881 257391 208276 74252 245206 427760 310222 104388 84873 249673 272288 370313 82153 493033 372113 547697 531894 480575 93700 172931 254896 170738 252912 237259 183221 121671 331119 
133706 184302 294487 178275 437855 113707 193399 646829 161070 314671 269747 374233 285246 326223 317305 492482 428666 174753 613764 127611 0 247564 123554 129955 179068 347356 195611 146874 364776 305090 344963 35149 60587 322076 292071 302353 154588 365430 470831 636478 409711 506148 177973 233925 177276 256940 185858 266019 240011 221804 400669 
134309 255210 128276 314110 522724 140751 239626 429244 401063 207841 98206 386428 246857 566951 365381 364788 202034 72813 514154 236270 247564 0 235055 220436 338122 193112 58857 309479 293826 396614 102388 262910 269025 482884 45040 549810 157167 509215 582456 434455 482211 715932 329638 98428 424759 147825 146911 35614 89289 175199 563372 
103085 60817 222955 82504 330932 109392 71213 663450 261438 214136 208987 479040 168929 414245 196764 383000 436538 175705 495091 4092 123554 235055 0 231830 103312 259342 206189 74841 248665 423691 310055 100566 81401 251782 271492 368065 81894 488981 375355 549880 527834 481414 95403 173246 252145 172233 249678 236645 183418 123661 333280 
178502 289378 318071 301804 560454 153084 290879 553468 215188 368165 286838 247954 363635 370539 427464 547138 352719 162599 684066 235749 129955 220436 231830 0 306877 382100 162164 273750 437444 200679 321706 164996 189470 451972 262746 376333 219211 295262 598007 651523 301685 627289 304586 259549 260475 301044 90381 251721 260004 286364 530595 
206242 103198 311623 31306 261961 210070 125713 766754 258773 280890 303259 553175 215534 383444 170391 426008 539796 278509 513036 101881 179068 338122 103312 306877 0 334798 308720 33643 286144 480402 408863 144409 118486 151046 373489 319504 182610 522863 291767 616357 584722 379889 10712 269609 225728 257128 342812 337995 280497 204650 232531 
217035 231729 66402 303614 415246 241647 209225 533171 506707 58999 98633 578193 134763 667921 265477 171956 327520 221942 321190 257391 347356 193112 259342 382100 334798 0 233983 321178 128008 576045 159012 342717 333191 442038 180387 626999 193845 677193 486888 291482 668168 698331 324109 122629 508181 90656 329910 158863 122463 135722 511878 
103651 239070 167605 288379 516949 99892 227769 461314 344788 235936 135352 346287 258824 510172 363241 405215 237061 30869 550974 208276 195611 58857 206189 162164 308720 233983 0 277587 317803 344492 161183 215098 225007 457945 103019 496336 139272 453417 571393 490410 434361 680418 301394 119136 371610 169321 95995 89741 114651 179978 539391 
176207 91775 292316 36507 291779 178276 113473 737084 240127 270062 281205 520515 210460 375155 187209 424822 510480 247710 520544 74252 146874 309479 74841 273750 33643 321178 277587 0 285490 450023 384327 112737 86547 184255 346326 317349 156389 497011 324412 607363 554528 406639 31098 246319 214023 239072 309322 311462 256842 187404 265588 
258947 196882 172062 256409 296164 284520 179045 661176 509993 86769 197016 661284 79909 658406 161865 139869 452879 296007 249472 245206 364776 293826 248665 437444 286144 128008 317803 285490 0 638029 284020 347985 330062 355811 294253 602779 219699 723227 370392 342701 737175 612690 275996 199588 495904 148717 407893 264855 206304 151111 415342 
379134 483635 510316 482979 741799 353764 487787 605119 281919 567026 478217 123481 564213 367057 620336 744437 458818 354135 883876 427760 305090 396614 423691 200679 480402 576045 344492 450023 638029 0 488722 337639 363852 610590 431771 416609 419786 129511 769516 829777 104625 733774 480850 454924 343631 499303 249832 431516 453747 486995 682300 
219948 313509 118433 381169 553444 233203 293668 383049 501536 200848 110081 462314 264290 667704 396257 314360 168909 172365 466553 310222 344963 102388 310055 321706 408863 159012 161183 384327 284020 488722 0 356307 358571 543576 59000 646942 228161 606026 620197 342163 567478 788535 399233 139743 521969 168034 242610 79010 128592 215219 621116 
138069 159710 294582 145405 404357 123253 171778 672140 165061 305050 272601 409208 268076 325417 288359 479682 451194 190948 595417 104388 35149 262910 100566 164996 144409 342717 215098 112737 347985 337639 356307 0 26233 286982 306324 292207 149084 391810 436080 633796 442228 475661 143779 235888 168531 252151 216605 277472 243328 211691 365769 
138628 137963 288863 119266 378123 128290 151922 685023 180090 292240 269142 434789 250325 335485 263507 463961 462044 198739 575968 84873 60587 269025 81401 189470 118486 333191 225007 86547 330062 363852 358571 26233 0 262854 311192 295726 141788 416413 410245 624673 468433 459076 117614 232225 174998 243296 235792 280442 240569 199499 342344 
354540 230514 435490 169685 174136 360398 249908 912050 353284 383404 434188 694175 308295 427781 196260 486288 684848 427372 532588 249673 322076 482884 251782 451972 151046 442038 457945 184255 355811 610590 543576 286982 262854 0 514829 344960 325717 632666 167448 698469 712941 257725 157139 404392 300870 380378 493460 478397 415758 329456 81590 
174127 284839 122335 347872 542533 183383 267234 398776 446101 207584 99353 411591 258465 611990 384355 348105 173067 117492 499660 272288 292071 45040 271492 262746 373489 180387 103019 346326 294253 431771 59000 306324 311192 514829 0 594410 190909 547732 605400 398047 513129 752863 364507 115063 469337 157463 184200 36757 103917 195218 594370 
430264 407847 584589 347362 518603 414060 428243 929679 161329 581679 564239 535052 527362 88480 484110 742167 722206 477006 831965 370313 302353 549810 368065 376333 319504 626999 496336 317349 602779 416609 646942 292207 295726 344960 594410 0 437504 371546 505399 917932 495263 342335 328870 527374 125076 538135 462517 567932 535220 491589 379207 
43412 100191 147120 157258 378154 66637 88716 586373 312894 160640 129148 454245 144430 474495 226733 339949 359158 108754 468492 82153 154588 157167 81894 219211 182610 193845 139272 156389 219699 419786 228161 149084 141788 325717 190909 437504 0 503928 432184 484717 520619 562271 173600 92595 316140 103193 206415 155423 102228 69614 406278 
467578 549685 613332 532799 782504 441646 558412 732636 280120 660216 582026 235929 645570 301200 679920 840223 587369 457468 972394 493033 365430 509215 488981 295262 522863 677193 453417 497011 723227 129511 606026 391810 416413 632666 547732 371546 503928 0 798517 943559 140994 709986 525877 554571 337630 594282 363531 542789 555251 573393 695403 
469798 332424 502763 297177 75764 482572 344330 1001977 520015 429901 511755 844892 357727 590782 224234 470490 778380 540710 466724 372113 470831 582456 375355 598007 291767 486888 571393 324412 370392 769516 620197 436080 410245 167448 605400 505399 432184 798517 0 692182 873121 312982 293457 490336 468311 452534 625023 568946 501511 410181 132225 
503595 515821 342594 585161 616539 526491 493893 552043 796931 337456 370107 802283 401587 959179 503370 221693 443366 489831 291831 547697 636478 434455 549880 651523 616357 291482 490410 607363 342701 829777 342163 633796 624673 698469 398047 917932 484717 943559 692182 0 909570 954898 605701 403883 799660 381720 581029 400814 399497 426368 755410 
479051 587534 601873 587588 846283 454143 591088 624304 375550 663440 569611 122721 664902 433598 724567 838540 511477 447673 980837 531894 409711 482211 527834 301685 584722 668168 434361 554528 737175 104625 567478 442228 468433 712941 513129 495263 520619 140994 873121 909570 0 824006 585310 549125 437111 595433 338366 517741 546892 586621 783226 
582000 477021 686726 407442 372403 580626 498378 1141693 452013 640080 681607 840985 565479 426124 451538 739654 916047 651707 767576 480575 506148 715932 481414 627289 379889 698331 680418 406639 612690 733774 788535 475661 459076 257725 752863 342335 562271 709986 312982 954898 824006 0 389351 648966 390555 631435 691859 717686 659997 579248 203756 
198488 92554 301278 20596 260978 203300 115062 758537 264350 270179 293255 551536 204982 391766 163420 415865 531477 271024 504178 93700 177973 329638 95403 304586 10712 324109 301394 31098 275996 480850 399233 143779 117614 157139 364507 328870 173600 525877 293457 605701 585310 389351 0 259830 233134 246696 337912 328863 270774 194191 238728 
100248 173992 61375 241531 427885 122608 154723 513043 394988 116805 36916 465099 148429 559522 269813 289658 288090 101458 432822 172931 233925 98428 173246 259549 269609 122629 119136 246319 199588 454924 139743 235888 232225 404392 115063 527374 92595 554571 490336 403883 549125 648966 259830 0 404398 50961 212695 78713 11432 80155 482685 
306217 299023 462688 248452 463515 289308 317544 810958 61781 466025 441131 451220 417802 162595 396110 633346 599709 351950 734517 254896 177276 424759 252145 260475 225728 508181 371610 214023 495904 343631 521969 168531 174998 300870 469337 125076 316140 337630 468311 799660 437111 390555 233134 404398 0 418254 342840 442966 411848 373999 358559 
128644 155120 55310 226874 387082 154066 133235 549583 416053 68025 59527 514364 101031 577473 229152 246160 328067 149162 385423 170738 256940 147825 172233 301044 257128 90656 169321 239072 148717 499303 168034 252151 243296 380378 157463 538135 103193 594282 452534 381720 595433 631435 246696 50961 418254 0 261239 123318 58642 52553 455895 
163307 297435 263561 329825 578143 144698 292011 468118 302458 328941 231300 253399 342785 460533 431866 500853 262601 112119 645510 252912 185858 146911 249678 90381 342812 329910 95995 309322 407893 249832 242610 216605 235792 493460 184200 462517 206415 363531 625023 581029 338366 691859 337912 212695 342840 261239 0 181685 209462 262443 574518 
142079 248244 95481 311932 506549 154278 230506 435531 423278 178182 67851 421858 224226 589508 348429 330075 209704 94939 480052 237259 266019 35614 236645 251721 337995 158863 89741 311462 264855 431516 79010 277472 280442 478397 36757 567932 155423 542789 568946 400814 517741 717686 328863 78713 442966 123318 181685 0 67764 158811 557792 
106415 185324 58362 252591 438791 127534 166132 501680 401045 122058 29766 460938 157951 566025 280665 291654 276877 99624 436364 183221 240011 89289 183418 260004 280497 122463 114651 256842 206304 453747 128592 243328 240569 415758 103917 535220 102228 555251 501511 399497 546892 659997 270774 11432 411848 58642 209462 67764 0 91353 494099 
107863 102603 107595 174327 348146 133410 80877 592798 376750 93387 105191 514660 80343 534983 190346 270961 368227 153465 399172 121671 221804 175199 123661 286364 204650 135722 179978 187404 151111 486995 215219 211691 199499 329456 195218 491589 69614 573393 410181 426368 586621 579248 194191 80155 373999 52553 262443 158811 91353 0 406097 
435906 309547 510536 251030 174187 441984 327969 992289 415422 452886 511248 770306 377133 466295 253530 537878 765165 508775 564707 331119 400669 563372 333280 530595 232531 511878 539391 265588 415342 682300 621116 365769 342344 81590 594370 379207 406278 695403 132225 755410 783226 203756 238728 482685 358559 455895 574518 557792 494099 406097 0 
PICKUP_AND_DELIVERY_SECTION
1 0 0 10000000 0 0 0
2 0 0 10000000 0 651859 376758
3 0 0 10000000 0 496908 649873
4 0 0 10000000 0 637142 688600
5 0 0 10000000 0 32371 26048
6 0 0 10000000 0 591657 505404
7 0 0 10000000 0 596419 804791
8 0 0 10000000 0 149211 140477
9 0 0 10000000 0 350400 326792
10 0 0 10000000 0 791305 1080857
11 0 0 10000000 0 853467 535295
12 0 0 10000000 0 625491 662879
13 0 0 10000000 0 120544 167330
14 0 0 10000000 0 843351 866337
15 0 0 10000000 0 194117 106578
16 0 0 10000000 0 329902 340890
17 0 0 10000000 0 502582 621319
18 0 0 10000000 0 888657 852909
19 0 0 10000000 0 274716 214513
20 0 0 10000000 0 705599 793573
21 0 0 10000000 0 425348 544008
22 0 0 10000000 0 228649 311292
23 0 0 10000000 0 156141 167521
24 0 0 10000000 0 778640 926821
25 0 0 10000000 0 198263 102509
26 0 0 10000000 0 335024 332126
27 0 0 10000000 0 258464 247837
28 0 0 10000000 0 243962 267594
29 0 0 10000000 0 85577 63887
30 0 0 10000000 0 669123 404451
31 0 0 10000000 0 927765 1226379
32 0 0 10000000 0 591123 592571
33 0 0 10000000 0 717859 817046
34 0 0 10000000 0 717072 737994
35 0 0 10000000 0 785429 459219
36 0 0 10000000 0 661116 460634
37 0 0 10000000 0 490148 518851
38 0 0 10000000 0 203608 235424
39 0 0 10000000 0 827988 677663
40 0 0 10000000 0 335780 226770
41 0 0 10000000 0 161932 208097
42 0 0 10000000 0 405469 249456
43 0 0 10000000 0 285044 174232
44 0 0 10000000 0 419860 382485
45 0 0 10000000 0 916380 1272923
46 0 0 10000000 0 906201 842061
47 0 0 10000000 0 940605 1138078
48 0 0 10000000 0 942113 820475
49 0 0 10000000 0 595062 732798
50 0 0 10000000 0 623091 702335
51 0 0 10000000 0 860526 1044016
DEPOT_SECTION
1 
-1
EOF
