NAME : CON8-1
TYPE : VRPSPD
DIMENSION : 51
VEHICLES : 9
CAPACITY : 3473465
DISTANCE : 0
EDGE_WEIGHT_TYPE : EXPLICIT
EDGE_WEIGHT_FORMAT : FULL_MATRIX
EDGE_WEIGHT_SECTION
0 66246 32140 180419 132250 588616 181292 382705 166724 286635 131593 514185 199079 530600 85715 156495 120817 84652 491774 95907 150363 241436 102322 346796 173942 100416 39945 156955 578648 82506 71841 239054 145773 169264 265860 544158 341949 211306 540061 121238 276374 587471 203120 300555 314330 122853 104428 203915 230104 480000 471231 
66246 0 68593 140762 198042 561098 152288 361622 113695 236331 195099 494060 232783 585544 38324 97365 105795 123000 532292 159933 102252 294690 67107 374274 237759 164625 71142 208090 625344 137801 138077 262797 85975 134966 294540 571461 346103 179899 587102 170560 255919 550726 136985 247726 273735 145178 170478 249832 222486 423056 481012 
32140 68593 0 155596 136894 614524 205096 351553 148606 264561 150233 542008 172788 554021 99315 142965 91140 58366 469349 95917 130316 226431 121828 319156 191129 118948 71032 184565 559537 110193 84163 271124 133286 191106 297592 516838 373487 234685 567248 102653 303454 610194 201769 279712 334901 92244 117101 183591 259676 460756 440145 
180419 140762 155596 0 281274 663438 273816 226642 47056 111045 305363 607812 213954 709599 170555 72677 73317 162763 494997 239085 42310 313296 198602 317295 345302 274275 205542 337301 600987 262925 238170 403535 78541 253488 434936 501806 482212 295629 720302 207093 377303 637585 154275 128337 366518 141343 270011 255915 355232 310038 382046 
132250 198042 136894 281274 0 674458 289319 436270 283283 392317 64873 590570 173446 445320 215660 279677 208543 120654 413187 42360 263841 148508 225651 308092 81052 61772 149659 135031 483505 105303 62590 261826 270155 283256 273091 492837 387784 318605 477551 93993 365461 686881 335003 409279 425287 157494 39738 143023 307143 591148 460480 
588616 561098 614524 663438 674458 0 410075 881714 616826 691991 619188 95734 787164 732623 522897 590779 662772 672371 1078276 661821 623432 818006 495461 933340 640018 612709 550643 557279 1157245 569960 623565 438250 585423 426213 450816 1131058 316686 381385 651264 708003 312887 91336 516978 686544 297008 704104 634956 790234 367522 766840 1038854 
181292 152288 205096 273816 289319 410075 0 500447 231962 339780 251024 341815 377869 560490 113991 206188 256899 263335 673041 265714 231516 419977 85629 523326 286640 232170 146363 216418 758997 187497 229681 183903 197298 20754 220334 721022 216540 30113 534809 302451 104606 406192 167933 343543 136100 294029 250632 385167 88853 491402 633164 
382705 361622 351553 226642 436270 881714 500447 0 269828 199440 482912 831399 283284 881482 395058 296209 262791 324674 434832 401002 268952 385786 423862 269120 514887 455674 416643 532886 547929 460179 417902 619703 303941 480077 648191 381640 707167 521785 909844 342605 603677 847412 364741 212329 585557 281562 442816 334611 581182 295708 222772 
166724 113695 148606 47056 283283 616826 231962 269828 0 122639 297393 562407 244414 696486 136380 26428 89776 172343 533886 241096 20617 336549 162270 358552 339082 265988 183823 319995 637757 247292 232652 373339 34720 211345 406295 546128 444050 252149 700622 221254 334184 590529 107959 134646 319836 162552 265689 281145 316016 313293 428886 
286635 236331 264561 111045 392317 691991 339780 199440 122639 0 414793 649622 308776 817235 256842 141976 184068 273391 563305 350127 136506 414179 280550 382235 455363 383499 306274 441867 674055 368445 348135 493974 153187 319133 527600 546073 555962 354666 823180 315948 435773 652102 180778 20572 400074 248118 380373 355875 427507 199243 403579 
131593 195099 150233 305363 64873 619188 251024 482912 297393 414793 0 532973 233938 405462 201153 288086 236741 158514 476250 83985 279974 212092 202662 372266 42668 31411 130580 70362 542557 65811 67688 198223 277354 249052 208293 557700 325547 278548 426932 148355 315121 636806 328316 429841 384408 201417 40315 207312 254209 610483 522466 
514185 494060 542008 607812 590570 95734 341815 831399 562407 649622 532973 0 713220 638501 455793 535993 598521 598759 999017 581127 566391 736393 427126 860899 551284 528873 475063 468812 1074076 487492 542772 346585 529279 360010 357088 1058344 222335 315363 559545 630981 238871 162647 469856 646782 249848 633368 551512 712238 286619 747276 974972 
199079 232783 172788 213954 173446 787164 377869 283284 244414 308776 233938 713220 0 607918 268947 257480 156472 114801 299963 152597 224985 108656 293871 148381 254106 216080 238218 299423 397220 242217 185535 416380 253892 363481 434657 345182 532816 407379 648461 88844 475384 782279 339986 329051 505960 89216 195858 52211 428201 500141 288790 
530600 585544 554021 709599 445320 732623 560490 881482 696486 817235 405462 638501 607918 0 576782 682831 642165 561660 730975 482381 680888 530644 563974 710701 368634 435931 514427 377518 738604 449194 473146 381203 671488 572077 346851 851076 442337 573320 105519 538882 548332 795086 700807 830926 648034 601985 443547 563155 496888 1008573 874108 
85715 38324 99315 170555 215660 522897 113991 395058 136380 256842 201153 455793 268947 576782 0 114866 143392 156760 567637 181375 129407 324800 29412 411818 243325 172884 70575 200802 658827 137953 153326 237241 103706 96701 270771 609201 312159 141614 571729 201737 217842 513590 128258 265890 237012 182386 183319 282879 186638 435113 519219 
156495 97365 142965 72677 279677 590779 206188 296209 26428 141976 288086 535993 257480 682831 114866 0 101007 175188 551064 238093 35773 344531 139182 377826 330365 256860 168501 305437 653279 234341 225564 352040 11461 185513 385629 567592 419285 225924 683682 225426 307998 565431 86064 151533 293842 172045 258771 290764 291016 325741 453350 
120817 105795 91140 73317 208543 662772 256899 262791 89776 184068 236741 598521 156472 642165 143392 101007 0 89446 451727 166573 69522 246869 172663 282151 275301 206298 153866 275670 552683 201333 169058 356984 97775 238529 385473 476203 449778 283316 658068 134740 361152 646891 184486 201643 370189 72804 199733 191395 327906 383243 376665 
84652 123000 58366 162763 120654 672371 263335 324674 172343 273391 158514 598759 114801 561660 156760 175188 89446 0 411126 79938 151872 173857 180142 262162 193026 131052 124296 210474 502463 141719 93470 313866 167863 249472 336658 459610 423748 292994 585318 50677 360663 668558 246834 291088 393102 44599 118791 126836 314629 472618 389658 
491774 532292 469349 494997 413187 1078276 673041 434832 533886 563305 476250 999017 299963 730975 567637 551064 451727 411126 0 417970 516367 264706 591169 181087 472932 473362 528337 546242 113347 512329 456302 674469 549173 660187 682577 132521 800967 703003 805103 370890 765426 1079127 636063 583453 804226 389028 450379 288269 712534 722590 251557 
95907 159933 95917 239085 42360 661821 265714 401002 241096 350127 83985 581127 152597 482381 181375 238093 166573 79938 417970 0 221567 156333 194950 296087 114075 63487 120624 146853 496150 95018 38357 266071 228792 257213 282541 487339 387170 295633 509460 64897 349840 668916 296307 366993 401573 119812 44077 134337 294892 548865 441277 
150363 102252 130316 42310 263841 623432 231516 268952 20617 136506 279974 566391 224985 680888 129407 35773 69522 151872 516367 221567 0 316104 156942 342347 321321 248570 170460 305412 619419 231948 214479 364493 38233 211210 396663 531818 440370 253531 687255 200658 335101 599883 121778 150217 326866 142195 247355 260908 313135 330544 418599 
241436 294690 226431 313296 148508 818006 419977 385786 336549 414179 212092 736393 108656 530644 324800 344531 246869 173857 264706 156333 316104 0 343752 180898 213439 208813 273632 282371 339877 248905 194472 410122 338598 409806 419736 349408 536266 450063 584323 124236 506173 824754 420258 434143 554936 174079 185854 58346 450756 607877 343712 
102322 67107 121828 198602 225651 495461 85629 423862 162270 280550 202662 427126 293871 563974 29412 139182 172663 180142 591169 194950 156942 343752 0 438273 243603 176864 76034 192032 680272 137219 163164 214069 128472 69680 248610 635883 283641 114139 554245 222485 188821 488501 136869 288345 213157 208791 190428 304668 157481 453232 548076 
346796 374274 319156 317295 308092 933340 523326 269120 358552 382235 372266 860899 148381 710701 411818 377826 282151 262162 181087 296087 342347 180898 438273 0 384302 358876 386243 440872 292322 388820 331461 562049 377308 507892 578173 197726 680567 552375 765038 235396 622575 924908 463790 402411 647750 229517 337170 165068 576432 546266 163568 
173942 237759 191129 345302 81052 640018 286640 514887 339082 455363 42668 551284 254106 368634 243325 330365 275301 193026 472932 114075 321321 213439 243603 384302 0 73526 172811 82749 531360 106407 107228 208122 319707 286380 210847 562745 337246 313006 396815 174232 342549 662609 370784 470804 417550 233888 75569 220168 280169 651850 539686 
100416 164625 118948 274275 61772 612709 232170 455674 265988 383499 31411 528873 216080 435931 172884 256860 206298 131052 473362 63487 248570 208813 176864 358876 73526 0 102579 83464 545222 44973 37958 204286 246184 228119 219343 548384 328067 260777 454696 127987 304273 625970 299010 398472 367379 174939 22986 195501 245481 579073 504707 
39945 71142 71032 205542 149659 550643 146363 416643 183823 306274 130580 475063 238218 514427 70575 168501 153866 124296 528337 120624 170460 273632 76034 386243 172811 102579 0 136949 612715 68345 87280 203144 157118 136729 231896 583399 302456 176464 516927 157507 237935 551970 198150 318337 281540 162708 114635 240069 190332 494194 511006 
156955 208090 184565 337301 135031 557279 216418 532886 319995 441867 70362 468812 299423 377518 200802 305437 275670 210474 546242 146853 305412 282371 192032 440872 82749 83464 136949 0 610295 74566 117950 128615 294063 220017 138090 627791 257014 240147 383115 211450 261808 580550 327730 454642 341639 255023 103919 276384 198944 631144 588130 
578648 625344 559537 600987 483505 1157245 758997 547929 637757 674055 542557 1074076 397220 738604 658827 653279 552683 502463 113347 496150 619419 339877 680272 292322 531360 545222 612715 610295 0 587328 534148 738606 650453 747885 741883 210629 867309 789110 822854 457787 845940 1164458 736958 694347 892977 486056 522667 375949 789736 835829 356695 
82506 137801 110193 262925 105303 569960 187497 460179 247292 368445 65811 487492 242217 449194 137953 234341 201333 141719 512329 95018 231948 248905 137219 388820 106407 44973 68345 74566 587328 0 57570 174360 223133 184175 195173 581784 292489 215921 457659 153625 260173 581601 266103 381780 322471 186095 65567 229144 202439 559813 528064 
71841 138077 84163 238170 62590 623565 229681 417902 232652 348135 67688 542772 185535 473146 153326 225564 169058 93470 456302 38357 214479 194472 163164 331461 107228 37958 87280 117950 534148 57570 0 230920 215319 222329 249573 524218 350053 259396 492642 96704 311793 631431 274822 363643 365765 137689 33207 171719 256546 544871 472808 
239054 262797 271124 403535 261826 438250 183903 619703 373339 493974 198223 346585 416380 381203 237241 352040 356984 313866 674469 266071 364493 410122 214069 562049 208122 204286 203144 128615 738606 174360 230920 0 340936 198793 36474 752669 129128 193049 350906 327600 173153 471546 341983 502333 270114 357284 226886 399700 116372 665037 702244 
145773 85975 133286 78541 270155 585423 197298 303941 34720 153187 277354 529279 253892 671488 103706 11461 97775 167863 549173 228792 38233 338598 128472 377308 319707 246184 157118 294063 650453 223133 215319 340936 0 176707 374422 568390 409463 217848 672221 218353 299800 561681 86901 162948 288736 167254 248516 285583 281354 337091 456781 
169264 134966 191106 253488 283256 426213 20754 480077 211345 319133 249052 360010 363481 572077 96701 185513 238529 249472 660187 257213 211210 409806 69680 507892 286380 228119 136729 220017 747885 184175 222329 198793 176707 0 235260 705457 237013 44946 549375 290414 124200 419094 148484 323063 145170 278382 245357 372967 108960 472496 615113 
265860 294540 297592 434936 273091 450816 220334 648191 406295 527600 208293 357088 434657 346851 270771 385629 385473 336658 682577 282541 396663 419736 248610 578173 210847 219343 231896 138090 741883 195173 249573 36474 374422 235260 0 765882 134974 228876 314481 345902 203485 490089 377964 536450 302143 380763 241058 414157 150049 700573 722377 
544158 571461 516838 501806 492837 1131058 721022 381640 546128 546073 557700 1058344 345182 851076 609201 567592 476203 459610 132521 487339 531818 349408 635883 197726 562745 548384 583399 627791 210629 581784 524218 752669 568390 705457 765882 0 874272 750010 919383 429933 820199 1121676 653492 564715 844466 427091 525863 353104 773284 677349 163964 
341949 346103 373487 482212 387784 316686 216540 707167 444050 555962 325547 222335 532816 442337 312159 419285 449778 423748 800967 387170 440370 536266 283641 680567 337246 328067 302456 257014 867309 292489 350053 129128 409463 237013 134974 874272 0 206529 382509 445208 137727 361771 383236 560069 230208 464615 351025 521498 128518 703475 812979 
211306 179899 234685 295629 318605 381385 30113 521785 252149 354666 278548 315363 407379 573320 141614 225924 283316 292994 703003 295633 253531 450063 114139 552375 313006 260777 176464 240147 789110 215921 259396 193049 217848 44946 228876 750010 206529 0 542431 332499 82116 376166 177614 356876 106703 322922 279693 415207 84972 497127 659953 
540061 587102 567248 720302 477551 651264 534809 909844 700622 823180 426932 559545 648461 105519 571729 683682 658068 585318 805103 509460 687255 584323 554245 765038 396815 454696 516927 383115 822854 457659 492642 350906 672221 549375 314481 919383 382509 542431 0 571045 503684 719939 688613 834806 603442 628319 467059 608522 460277 1006793 926617 
121238 170560 102653 207093 93993 708003 302451 342605 221254 315948 148355 630981 88844 538882 201737 225426 134740 50677 370890 64897 200658 124236 222485 235396 174232 127987 157507 211450 457787 153625 96704 327600 218353 290414 345902 429933 445208 332499 571045 0 395152 708643 297376 334504 435332 69123 108900 82724 344625 514831 376857 
276374 255919 303454 377303 365461 312887 104606 603677 334184 435773 315121 238871 475384 548332 217842 307998 361152 360663 765426 349840 335101 506173 188821 622575 342549 304273 237935 261808 845940 260173 311793 173153 299800 124200 203485 820199 137727 82116 503684 395152 0 321869 256868 437206 100078 394550 325724 477347 63110 570294 736884 
587471 550726 610194 637585 686881 91336 406192 847412 590529 652102 636806 162647 782279 795086 513590 565431 646891 668558 1079127 668916 599883 824754 488501 924908 662609 625970 551970 580550 1164458 581601 631431 471546 561681 419094 490089 1121676 361771 376166 719939 708643 321869 0 485471 644279 277211 695850 647159 791360 382841 706564 1018456 
203120 136985 201769 154275 335003 516978 167933 364741 107959 180778 328316 469856 339986 700807 128258 86064 184486 246834 636063 296307 121778 420258 136869 463790 370784 299010 198150 327730 736958 266103 274822 341983 86901 148484 377964 653492 383236 177614 688613 297376 256868 485471 0 180629 221426 252206 306811 369249 256694 324328 536201 
300555 247726 279712 128337 409279 686544 343543 212329 134646 20572 429841 646782 329051 830926 265890 151533 201643 291088 583453 366993 150217 434143 288345 402411 470804 398472 318337 454642 694347 381780 363643 502333 162948 323063 536450 564715 560069 356876 834806 334504 437206 644279 180629 0 396944 267091 396147 375871 431890 181872 420520 
314330 273735 334901 366518 425287 297008 136100 585557 319836 400074 384408 249848 505960 648034 237012 293842 370189 393102 804226 401573 326866 554936 213157 647750 417550 367379 281540 341639 892977 322471 365765 270114 288736 145170 302143 844466 230208 106703 603442 435332 100078 277211 221426 396944 0 418913 386396 517729 154390 505720 744068 
122853 145178 92244 141343 157494 704104 294029 281562 162552 248118 201417 633368 89216 601985 182386 172045 72804 44599 389028 119812 142195 174079 208791 229517 233888 174939 162708 255023 486056 186095 137689 357284 167254 278382 380763 427091 464615 322922 628319 69123 394550 695850 252206 267091 418913 0 161263 118849 351910 446508 348408 
104428 170478 117101 270011 39738 634956 250632 442816 265689 380373 40315 551512 195858 443547 183319 258771 199733 118791 450379 44077 247355 185854 190428 337170 75569 22986 114635 103919 522667 65567 33207 226886 248516 245357 241058 525863 351025 279693 467059 108900 325724 647159 306811 396147 386396 161263 0 173232 267546 577567 484648 
203915 249832 183591 255915 143023 790234 385167 334611 281145 355875 207312 712238 52211 563155 282879 290764 191395 126836 288269 134337 260908 58346 304668 165068 220168 195501 240069 276384 375949 229144 171719 399700 285583 372967 414157 353104 521498 415207 608522 82724 477347 791360 369249 375871 517729 118849 173232 0 425636 549637 320019 
230104 222486 259676 355232 307143 367522 88853 581182 316016 427507 254209 286619 428201 496888 186638 291016 327906 314629 712534 294892 313135 450756 157481 576432 280169 245481 190332 198944 789736 202439 256546 116372 281354 108960 150049 773284 128518 84972 460277 344625 63110 382841 256694 431890 154390 351910 267546 425636 0 579532 698806 
480000 423056 460756 310038 591148 766840 491402 295708 313293 199243 610483 747276 500141 1008573 435113 325741 383243 472618 722590 548865 330544 607877 453232 546266 651850 579073 494194 631144 835829 559813 544871 665037 337091 472496 700573 677349 703475 497127 1006793 514831 570294 706564 324328 181872 505720 446508 577567 549637 579532 0 517282 
471231 481012 440145 382046 460480 1038854 633164 222772 428886 403579 522466 974972 288790 874108 519219 453350 376665 389658 251557 441277 418599 343712 548076 163568 539686 504707 511006 588130 356695 528064 472808 702244 456781 615113 722377 163964 812979 659953 926617 376857 736884 1018456 536201 420520 744068 348408 484648 320019 698806 517282 0 
PICKUP_AND_DELIVERY_SECTION
1 0 0 10000000 0 0 0
2 0 0 10000000 0 72415 102221
3 0 0 10000000 0 813403 672891
4 0 0 10000000 0 929848 740925
5 0 0 10000000 0 813897 901099
6 0 0 10000000 0 427277 516207
7 0 0 10000000 0 555352 429698
8 0 0 10000000 0 372431 489965
9 0 0 10000000 0 176203 255949
10 0 0 10000000 0 241742 310296
11 0 0 10000000 0 953654 1397144
12 0 0 10000000 0 640208 339773
13 0 0 10000000 0 242550 291143
14 0 0 10000000 0 790284 1003182
15 0 0 10000000 0 889368 1190366
16 0 0 10000000 0 464106 562875
17 0 0 10000000 0 736051 971628
18 0 0 10000000 0 590238 314887
19 0 0 10000000 0 394750 360245
20 0 0 10000000 0 830191 1097594
21 0 0 10000000 0 586670 675343
22 0 0 10000000 0 218783 136741
23 0 0 10000000 0 116370 62593
24 0 0 10000000 0 223581 139411
25 0 0 10000000 0 104759 61506
26 0 0 10000000 0 952329 1062501
27 0 0 10000000 0 646013 502965
28 0 0 10000000 0 200781 248316
29 0 0 10000000 0 578758 747211
30 0 0 10000000 0 229948 322766
31 0 0 10000000 0 916813 1032214
32 0 0 10000000 0 26302 34116
33 0 0 10000000 0 874873 812145
34 0 0 10000000 0 848736 636530
35 0 0 10000000 0 663298 744670
36 0 0 10000000 0 714606 559758
37 0 0 10000000 0 952900 904274
38 0 0 10000000 0 927296 1049869
39 0 0 10000000 0 713852 1024226
40 0 0 10000000 0 745911 725961
41 0 0 10000000 0 376761 313274
42 0 0 10000000 0 909913 1059027
43 0 0 10000000 0 441646 383267
44 0 0 10000000 0 231170 156072
45 0 0 10000000 0 756630 454740
46 0 0 10000000 0 893231 766524
47 0 0 10000000 0 513636 429726
48 0 0 10000000 0 692336 594456
49 0 0 10000000 0 178604 119614
50 0 0 10000000 0 478388 593038
51 0 0 10000000 0 138829 109664
DEPOT_SECTION
1 
-1
EOF
