NAME : SCA3-5
TYPE : VRPSPD
DIMENSION : 51
VEHICLES : 4
CAPACITY : 8131740
DISTANCE : 0
EDGE_WEIGHT_TYPE : EXPLICIT
EDGE_WEIGHT_FORMAT : FULL_MATRIX
EDGE_WEIGHT_SECTION
0 432276 267454 444454 166569 568710 124762 193298 560918 490302 110963 672418 305484 497294 399041 234500 475085 440993 438736 418436 53310 418474 254419 368966 230745 559598 498260 376269 299397 479971 493937 471413 302307 291448 328336 461298 421885 103543 399498 512400 403155 292576 125825 278012 407375 584816 447257 473511 307192 440729 507948 
432276 0 693989 783897 355164 864461 500771 456561 876185 490854 418227 456327 635339 301789 64076 287135 720441 197188 857303 495760 484683 831129 252713 530104 205400 879126 528525 710086 133814 836599 364215 566117 531653 143103 637211 867777 804073 514533 439211 777364 645949 609160 511047 512828 604299 913412 785979 557115 411138 805419 920998 
267454 693989 0 286328 412858 568248 271621 381002 402187 601488 336616 918675 358844 694231 665105 491881 545572 705404 174124 510623 220932 160957 479475 426296 497018 534945 589958 252887 563438 426711 736840 640990 449948 556329 393624 321060 209482 227347 522431 417866 371990 368527 259299 433929 416311 544151 289186 540252 521298 386915 341503 
444454 783897 286328 0 611001 854280 512583 617752 120366 488998 548834 1111917 638038 665363 777638 673666 827262 860730 249847 402539 424161 214288 532405 314859 627084 819568 459351 74130 675087 709963 936387 895491 708102 672362 672148 587370 106280 464381 443757 151558 191764 643614 502898 688089 256989 826602 2969 396237 747802 671118 591765 
166569 355164 412858 611001 0 525639 159490 103874 727072 582926 78070 509144 281617 522125 303676 83150 397540 300335 586972 528679 196392 571487 287906 500087 162889 532925 601035 542364 229601 482347 328923 328704 201797 218428 287271 517669 585545 190706 495036 673167 557037 256644 171839 177994 551040 565293 613798 590565 149542 450396 573103 
568710 864461 568248 854280 525639 0 444065 423117 967717 1058711 494107 773806 263315 1042581 804488 578890 156048 736138 665213 983414 535993 681221 799589 922330 688004 55023 1064626 817956 750976 156095 635718 378542 332872 739569 244208 314690 768036 472587 967999 982945 914887 279277 443221 352711 941952 85490 857106 1033870 459858 187890 354266 
124762 500771 271621 512583 159490 444065 0 109757 632723 615059 84083 650167 180772 611636 455327 242603 353765 459457 442830 542286 101245 432556 366270 488587 296574 436282 622575 452798 368407 361928 468234 382909 197390 358280 203954 367357 465723 48257 524259 604290 507473 168263 12914 176051 520321 462721 515532 595969 249677 324357 420240 
193298 456561 381002 617752 103874 423117 109757 0 737345 662865 85642 545474 178790 620908 402425 172798 301610 377857 551008 600051 195275 541822 381047 559013 266674 429163 676636 555171 333209 380039 364235 280643 112283 321972 183402 427529 574799 156758 572890 700870 595782 153083 121778 87228 600442 461420 620677 658761 140830 349500 484882 
560918 876185 402187 120366 727072 967717 632723 737345 0 524200 667001 1223528 757111 724768 875623 786786 945915 966852 332697 448204 543110 303005 623499 371088 732108 930991 488128 184709 775105 820460 1050025 1015599 828440 773406 791387 690087 201627 584554 498055 129259 240887 763299 623136 808352 300036 935980 117400 424505 866026 782601 688212 
490302 490854 601488 488998 582926 1058711 615059 662865 524200 0 578941 935674 795694 229510 524777 586120 960902 659451 689741 92360 524303 652408 307813 182873 469525 1047189 42778 436745 461177 959790 804451 907602 774735 467349 818373 904276 568111 587281 90837 396644 297414 782606 615495 749652 232204 1070126 489393 100762 723930 918913 936161 
110963 418227 336616 548834 78070 494107 84083 85642 667001 578941 0 582705 235938 549265 371577 160762 382635 378069 510548 514728 125968 496256 305490 473556 215628 493917 591781 482992 286955 430797 401263 360546 197707 276515 250003 449595 515879 112671 488648 622893 513963 215560 95706 172731 516222 523534 551703 573178 199030 395676 503376 
672418 456327 918675 1111917 509144 773806 650167 545474 1223528 935674 582705 0 666274 758048 412013 438803 621452 277199 1091958 922598 705520 1078860 648250 932837 501130 813929 969715 1040314 481508 831265 181974 395871 525021 478076 644662 937634 1094007 691706 870578 1151846 1024696 638830 662995 526345 1000004 851691 1114586 987300 407120 819447 996861 
305484 635339 358844 638038 281617 263315 180772 178790 757111 795694 235938 666274 0 784754 580670 350315 189825 544283 500753 721675 275020 504105 540076 663980 443086 258347 802461 589761 511174 201300 494819 310336 141443 500029 34895 271801 568327 211847 704925 750987 668588 28761 180359 144379 689257 287604 640990 773746 272718 172336 331058 
497294 301789 694231 665363 522125 1042581 611636 620908 724768 229510 549265 758048 784754 0 352224 492751 919664 493544 821443 279667 545759 787145 245394 354482 369049 1043038 272223 600399 327750 973546 655342 814862 723817 337678 798982 955343 723348 600593 226806 603562 484870 764805 616776 700119 424937 1071944 666494 322441 636841 935557 997993 
399041 64076 665105 777638 303676 804488 455327 402425 875623 524777 371577 412013 580670 352224 0 230508 658914 141322 832572 519268 449848 808437 257106 543477 168307 820686 560120 703509 104191 781894 305292 502046 472125 109543 580715 820330 789391 473521 464657 783545 652226 553871 466295 454159 615844 855456 779885 582674 348835 751926 874793 
234500 287135 491881 673666 83150 578890 242603 172798 786786 586120 160762 438803 350315 492751 230508 0 439476 217310 665877 543473 272247 648809 279410 528402 124220 592119 609444 602739 174705 551451 263279 325707 246303 163364 350399 597116 656347 272982 502784 722995 600883 323382 254984 226323 586683 626286 676368 607662 144275 521967 653338 
475085 720441 545572 827262 397540 156048 353765 301610 945915 960902 382635 621452 189825 919664 658914 439476 0 582967 675985 893056 454061 683670 682343 842292 555678 192478 971932 779586 613967 230395 479738 225635 196099 602578 156940 376292 754588 393027 870312 940580 855456 189638 357087 219545 872787 230270 830206 948574 310670 236193 429540 
440993 197188 705404 860730 300335 736138 459457 377857 966852 659451 378069 277199 544283 493544 141322 217310 582967 0 878634 645554 484494 859402 372273 658737 234828 760585 692878 787318 205091 740020 167743 396391 415590 202564 535954 805096 857019 490098 593379 886037 756632 515737 471969 403636 727730 797310 863225 710174 279445 715740 862693 
438736 857303 174124 249847 586972 665213 442830 551008 332697 689741 510548 1091958 500753 821443 832572 665877 675985 878634 0 597626 394294 38027 628789 506881 665501 622152 668721 264869 729523 511037 910018 799682 609884 723152 535266 366474 143620 400252 623672 401402 412000 516237 430195 596447 471598 621377 251649 610261 691817 477366 357750 
418436 495760 510623 402539 528679 983414 542286 600051 448204 92360 514728 922598 721675 279667 519268 543473 893056 645554 597626 0 447423 560380 276367 91073 435593 969176 82214 346966 441311 878535 778845 857005 712324 445466 746237 816828 477728 510827 57846 324522 212860 710547 541468 687280 149065 990657 403149 65194 674725 837364 847145 
53310 484683 220932 424161 196392 535993 101245 195275 543110 524303 125968 705520 275020 545759 449848 272247 454061 484494 394294 447423 0 376563 305002 389394 281834 522894 528741 360148 351416 437887 524950 475676 295708 343159 301533 410439 390253 63413 434078 506551 406634 266339 96973 272982 419199 546126 427056 498734 324068 397765 455957 
418474 831129 160957 214288 571487 681221 432556 541822 303005 652408 496256 1078860 504105 787145 808437 648809 683670 859402 38027 560380 376563 0 598918 469535 642332 640007 631040 226899 704877 528707 897167 797494 606792 698898 538902 389489 108132 388155 587233 365737 373977 517742 420193 592049 433615 641216 216225 572400 682226 493471 385227 
254419 252713 479475 532405 287906 799589 366270 381047 623499 307813 305490 648250 540076 245394 257106 279410 682343 372273 628789 276367 305002 598918 0 287720 161953 798423 333996 458964 167199 728196 502676 603714 488349 170173 555485 715358 559587 356847 228697 527047 395581 520875 371577 463852 359070 826894 534404 341544 420208 690354 760666 
368966 530104 426296 314859 500087 922330 488587 559013 371088 182873 473556 932837 663980 354482 543477 528402 842292 658737 506881 91073 389394 469535 287720 0 433946 904423 164570 256638 454238 809514 777982 827652 670172 456183 690924 738279 386929 452196 129288 254790 130472 655671 485954 645494 75252 923781 315672 115321 649290 768086 765751 
230745 205400 497018 627084 162889 688004 296574 266674 732108 469525 215628 501130 443086 369049 168307 124220 555678 234828 665501 435593 281834 642332 161953 433946 0 695806 495871 553384 71940 642630 344738 449358 359823 62302 450056 663932 629216 309143 390168 652379 524019 418898 306434 337388 499303 728041 629527 500688 268480 609132 716411 
559598 879126 534945 819568 532925 55023 436282 429163 930991 1047189 493917 813929 258347 1043038 820686 592119 192478 760585 622152 969176 522894 640007 798423 904423 695806 0 1050946 786770 761210 111300 669355 418087 349234 749866 246006 265175 730199 459964 956863 952006 889732 278826 433854 366531 919976 37910 822344 1017382 481758 148484 301757 
498260 528525 589958 459351 601035 1064626 622575 676636 488128 42778 591781 969715 802461 272223 560120 609444 971932 692878 668721 82214 528741 631040 333996 164570 495871 1050946 0 411057 492253 960694 834530 927933 788869 497819 826487 898350 542830 592101 106722 359673 267747 790752 622130 763780 202786 1072650 459554 63962 744681 919539 927903 
376269 710086 252887 74130 542364 817956 452798 555171 184709 436745 482992 1040314 589761 600399 703509 602739 779586 787318 264869 346966 360148 226899 458964 256638 553384 786770 411057 0 600971 679341 865848 834774 649841 598283 623084 568827 131778 405042 383159 165237 147647 592790 443949 628850 209582 796878 76411 350050 681927 639240 580547 
299397 133814 563438 675087 229601 750976 368407 333209 775105 461177 286955 481508 511174 327750 104191 174705 613967 205091 729523 441311 351416 704877 167199 454238 71940 761210 492253 600971 0 711592 343506 488333 419681 11416 516303 735752 685256 380830 390372 687004 556340 486203 378343 398523 524255 794201 677383 506196 314733 678819 788337 
479971 836599 426711 709963 482347 156095 361928 380039 820460 959790 430797 831265 201300 973546 781894 551451 230395 740020 511037 878535 437887 528707 728196 809514 642630 111300 960694 679341 711592 0 671852 442988 325584 700529 204190 160038 619408 377074 870402 844491 787081 228120 356947 336393 820427 117630 712711 923742 462511 41479 205328 
493937 364215 736840 936387 328923 635718 468234 364235 1050025 804451 401263 181974 494819 655342 305292 263279 479738 167743 910018 778845 524950 897167 502676 777982 344738 669355 834530 865848 343506 671852 0 264801 353734 337102 476518 766489 914460 509774 730828 984674 860400 466613 481073 351771 841244 707203 939114 844039 227874 655629 825711 
471413 566117 640990 895491 328704 378542 382909 280643 1015599 907602 360546 395871 310336 814862 502046 325707 225635 396391 799682 857005 475676 797494 603714 827652 449358 418087 927933 834774 488333 442988 264801 0 191042 477899 280190 567467 844776 431130 821425 981475 874509 288554 392789 208328 875090 455828 898439 919207 183739 437236 625341 
302307 531653 449948 708102 201797 332872 197390 112283 828440 774735 197707 525021 141443 723817 472125 246303 196099 415590 609884 712324 295708 606792 488349 670172 359823 349234 788869 649841 419681 325584 353734 191042 0 408265 123727 413222 654279 244815 684927 801456 701556 113810 205892 25094 709449 384800 711063 770873 136953 304642 472483 
291448 143103 556329 672362 218428 739569 358280 321972 773406 467349 276515 478076 500029 337678 109543 163364 602578 202564 723152 445466 343159 698898 170173 456183 62302 749866 497819 598283 11416 700529 337102 477899 408265 0 505016 725575 680839 371445 395232 686791 556424 474992 368335 387108 525544 782891 674688 510477 303713 667868 778352 
328336 637211 393624 672148 287271 244208 203954 183402 791387 818373 250003 644662 34895 798982 580715 350399 156940 535954 535266 746237 301533 538902 555485 690924 450056 246006 826487 623084 516303 204190 476518 280190 123727 505016 0 293481 603104 239083 727536 783691 699265 35769 205240 132356 718322 278023 675104 799530 259664 181079 352569 
461298 867777 321060 587370 517669 314690 367357 427529 690087 904276 449595 937634 271801 955343 820330 597116 376292 805096 366474 816828 410439 389489 715358 738279 663932 265175 898350 568827 735752 160038 766489 567467 413222 725575 293481 0 488933 361572 818920 730897 693028 299877 357715 415075 735648 258218 589905 853527 542375 140815 59261 
421885 804073 209482 106280 585545 768036 465723 574799 201627 568111 515879 1094007 568327 723348 789391 656347 754588 857019 143620 477728 390253 108132 559587 386929 629216 730199 542830 131778 685256 619408 914460 844776 654279 680839 603104 488933 0 418071 511378 257831 278226 577652 454553 636532 341167 734561 108151 481747 711454 581995 489516 
103543 514533 227347 464381 190706 472587 48257 156758 584554 587281 112671 691706 211847 600593 473521 272982 393027 490098 400252 510827 63413 388155 356847 452196 309143 459964 592101 405042 380830 377074 509774 431130 244815 371445 239083 361572 418071 0 496900 557827 463901 204234 38959 223955 479789 483768 467331 562023 295174 337516 410789 
399498 439211 522431 443757 495036 967999 524259 572890 498055 90837 488648 870578 704925 226806 464657 502784 870312 593379 623672 57846 434078 587233 228697 129288 390168 956863 106722 383159 390372 870402 730828 821425 684927 395232 727536 818920 511378 496900 0 377110 258842 691768 524778 659834 198134 980125 444643 118163 638076 829662 852688 
512400 777364 417866 151558 673167 982945 604290 700870 129259 396644 622893 1151846 750987 603562 783545 722995 940580 886037 401402 324522 506551 365737 527047 254790 652379 952006 359673 165237 687004 844491 984674 981475 801456 686791 783691 730897 257831 557827 377110 0 131503 752311 596677 779262 180263 961992 149765 296371 818994 804451 739071 
403155 645949 371990 191764 557037 914887 507473 595782 240887 297414 513963 1024696 668588 484870 652226 600883 855456 756632 412000 212860 406634 373977 395581 130472 524019 889732 267747 147647 556340 787081 860400 874509 701556 556424 699265 693028 278226 463901 258842 131503 0 665820 501660 678165 65243 904248 192073 205046 705324 745878 711438 
292576 609160 368527 643614 256644 279277 168263 153083 763299 782606 215560 638830 28761 764805 553871 323382 189638 515737 516237 710547 266339 517742 520875 655671 418898 278826 790752 592790 486203 228120 466613 288554 113810 474992 35769 299877 577652 204234 691768 752311 665820 0 169796 115723 683868 309662 646577 764001 244001 200419 359109 
125825 511047 259299 502898 171839 443221 12914 121778 623136 615495 95706 662995 180359 616776 466295 254984 357087 471969 430195 541468 96973 420193 371577 485954 306434 433854 622130 443949 378343 356947 481073 392789 205892 368335 205240 357715 454553 38959 524778 596677 501660 169796 0 185230 515990 459518 505852 594301 262048 318789 410016 
278012 512828 433929 688089 177994 352711 176051 87228 808352 749652 172731 526345 144379 700119 454159 226323 219545 403636 596447 687280 272982 592049 463852 645494 337388 366531 763780 628850 398523 336393 351771 208328 25094 387108 132356 415075 636532 223955 659834 779262 678165 115723 185230 0 685312 401406 691045 745910 128430 312909 474224 
407375 604299 416311 256989 551040 941952 520321 600442 300036 232204 516222 1000004 689257 424937 615844 586683 872787 727730 471598 149065 419199 433615 359070 75252 499303 919976 202786 209582 524255 820427 841244 875090 709449 525544 718322 735648 341167 479789 198134 180263 65243 683868 515990 685312 0 936659 257313 140670 700535 778987 757729 
584816 913412 544151 826602 565293 85490 462721 461420 935980 1070126 523534 851691 287604 1071944 855456 626286 230270 797310 621377 990657 546126 641216 826894 923781 728041 37910 1072650 796878 794201 117630 707203 455828 384800 782891 278023 258218 734561 483768 980125 961992 904248 309662 459518 401406 936659 0 829327 1037453 518223 158449 288371 
447257 785979 289186 2969 613798 857106 515532 620677 117400 489393 551703 1114586 640990 666494 779885 676368 830206 863225 251649 403149 427056 216225 534404 315672 629527 822344 459554 76411 677383 712711 939114 898439 711063 674688 675104 589905 108151 467331 444643 149765 192073 646577 505852 691045 257313 829327 0 396370 750677 673889 594134 
473511 557115 540252 396237 590565 1033870 595969 658761 424505 100762 573178 987300 773746 322441 582674 607662 948574 710174 610261 65194 498734 572400 341544 115321 500688 1017382 63962 350050 506196 923742 844039 919207 770873 510477 799530 853527 481747 562023 118163 296371 205046 764001 594301 745910 140670 1037453 396370 0 737518 882360 880487 
307192 411138 521298 747802 149542 459858 249677 140830 866026 723930 199030 407120 272718 636841 348835 144275 310670 279445 691817 674725 324068 682226 420208 649290 268480 481758 744681 681927 314733 462511 227874 183739 136953 303713 259664 542375 711454 295174 638076 818994 705324 244001 262048 128430 700535 518223 750677 737518 0 440708 601360 
440729 805419 386915 671118 450396 187890 324357 349500 782601 918913 395676 819447 172336 935557 751926 521967 236193 715740 477366 837364 397765 493471 690354 768086 609132 148484 919539 639240 678819 41479 655629 437236 304642 667868 181079 140815 581995 337516 829662 804451 745878 200419 318789 312909 778987 158449 673889 882360 440708 0 193424 
507948 920998 341503 591765 573103 354266 420240 484882 688212 936161 503376 996861 331058 997993 874793 653338 429540 862693 357750 847145 455957 385227 760666 765751 716411 301757 927903 580547 788337 205328 825711 625341 472483 778352 352569 59261 489516 410789 852688 739071 711438 359109 410016 474224 757729 288371 594134 880487 601360 193424 0 
PICKUP_AND_DELIVERY_SECTION
1 0 0 10000000 0 0 0
2 0 0 10000000 0 820781 1094006
3 0 0 10000000 0 920589 918867
4 0 0 10000000 0 665080 711333
5 0 0 10000000 0 646607 403051
6 0 0 10000000 0 174132 174723
7 0 0 10000000 0 428253 405002
8 0 0 10000000 0 693815 900170
9 0 0 10000000 0 372783 535434
10 0 0 10000000 0 522738 339850
11 0 0 10000000 0 505860 723439
12 0 0 10000000 0 588 380
13 0 0 10000000 0 348020 289883
14 0 0 10000000 0 689068 728005
15 0 0 10000000 0 381945 435527
16 0 0 10000000 0 608734 563816
17 0 0 10000000 0 879868 744051
18 0 0 10000000 0 167607 242464
19 0 0 10000000 0 411224 213766
20 0 0 10000000 0 24643 34758
21 0 0 10000000 0 813710 536582
22 0 0 10000000 0 950178 1181840
23 0 0 10000000 0 44904 35688
24 0 0 10000000 0 765688 808667
25 0 0 10000000 0 274104 279381
26 0 0 10000000 0 884675 831272
27 0 0 10000000 0 155660 99033
28 0 0 10000000 0 807671 1170362
29 0 0 10000000 0 933055 1322211
30 0 0 10000000 0 962529 984226
31 0 0 10000000 0 106585 104362
32 0 0 10000000 0 954957 733299
33 0 0 10000000 0 504518 263470
34 0 0 10000000 0 420790 397482
35 0 0 10000000 0 60956 75896
36 0 0 10000000 0 929099 1148550
37 0 0 10000000 0 165531 216543
38 0 0 10000000 0 115302 167174
39 0 0 10000000 0 96872 109624
40 0 0 10000000 0 2594 1680
41 0 0 10000000 0 540832 279435
42 0 0 10000000 0 125885 178710
43 0 0 10000000 0 331335 361447
44 0 0 10000000 0 779898 837948
45 0 0 10000000 0 186227 212861
46 0 0 10000000 0 973548 1093645
47 0 0 10000000 0 589695 507769
48 0 0 10000000 0 244248 355872
49 0 0 10000000 0 529291 520846
50 0 0 10000000 0 339775 223522
51 0 0 10000000 0 542752 319599
DEPOT_SECTION
1 
-1
EOF
