NAME : SCA3-3
TYPE : VRPSPD
DIMENSION : 51
VEHICLES : 4
CAPACITY : 8595056
DISTANCE : 0
EDGE_WEIGHT_TYPE : EXPLICIT
EDGE_WEIGHT_FORMAT : FULL_MATRIX
EDGE_WEIGHT_SECTION
0 338976 585510 160348 199138 415457 203518 355157 249893 400398 627104 478744 388549 600428 475360 309259 237211 337588 451375 238621 157284 412177 183256 574343 211394 534779 497790 619443 408717 575701 250352 470301 262567 87601 531962 612723 285693 645867 290490 278899 237078 330927 332877 199681 595580 205605 150038 171924 258481 468220 576683 
338976 0 619191 419364 520292 238222 162424 595358 373707 422040 295664 352788 465611 937354 189533 582116 434189 346106 112493 300951 441964 523299 199228 235462 265281 207573 575074 286721 698740 914556 229566 623219 532401 405945 517302 668365 575284 701181 619528 514664 570255 397283 409382 156088 931579 179141 473745 213655 596808 765050 239811 
585510 619191 0 453267 732686 408370 648789 930604 335899 949650 838753 952064 196961 963585 541571 445669 822177 873438 673587 781543 480917 991431 489314 746169 410306 782502 101180 827209 943661 882101 412404 1055740 440064 541542 114334 1185355 839355 84404 608389 383977 609300 259387 897122 528114 969325 490180 694876 485319 661911 986226 772523 
160348 419364 453267 0 279915 401801 328362 479058 141529 560673 714708 628908 261536 591071 501809 165750 388410 496429 527258 397127 34886 567651 221670 646481 184108 626700 357881 705455 493867 539838 236871 616126 115575 90648 422135 769860 386147 503936 225834 119262 194457 222638 492962 263325 590942 244231 241756 206797 241652 541549 656221 
199138 520292 732686 279915 0 614210 364489 211806 413065 416088 792013 555236 541244 423871 671536 346572 198175 385342 630046 309478 251962 362564 382348 751349 403764 699257 635798 785809 216893 421767 447070 374431 320070 196235 699433 559826 107589 779616 226698 365101 178024 496978 338414 395365 416082 404436 49126 371036 152408 271686 748939 
415457 238222 408370 401801 614210 0 340803 749590 284828 643084 431567 590915 303996 988555 138240 529681 598873 564300 267632 496220 435153 726445 234058 340109 221100 374706 390104 420081 822681 941532 170607 816915 487734 439668 297377 891370 697998 492733 627632 447286 592773 254355 615060 236658 986962 214592 565253 243923 634847 883432 365082 
203518 162424 648789 328362 364489 340803 0 434518 340434 309289 429486 313343 465706 786545 340587 493038 274266 230414 267231 155461 340593 385681 159987 387243 241456 336579 582191 422708 536435 772056 238092 478217 443242 285299 564465 555689 413402 723699 493996 441929 440435 395643 274489 121989 779633 159314 320158 166082 458479 602896 384488 
355157 595358 930604 479058 211806 749590 434518 0 599867 316376 818932 492820 735204 485858 773907 558308 161490 328595 691045 306441 455453 208243 518512 801682 564369 731199 836793 815472 142825 526521 597223 175532 531298 389344 885566 375887 111990 982946 427849 574294 385466 683024 253146 513738 471849 535712 238792 511460 349385 204978 790728 
249893 373707 335899 141529 413065 284828 340434 599867 0 623718 656155 653728 139132 727483 404326 244868 486282 550571 467537 454520 175964 656676 187264 576795 109041 576001 252059 645759 629522 669632 148413 719905 204185 216840 286988 853009 516078 399504 357271 162698 333238 83999 566081 234160 728322 199991 370256 177111 382154 679989 592606 
400398 422040 949650 560673 416088 643084 309289 316376 623718 0 555429 182010 758960 793484 610249 702194 218093 79119 480396 169199 555780 132625 462711 564957 539463 480219 874740 554970 458766 819197 544990 238076 658848 481569 871314 248298 380700 1020450 631327 679242 576271 691387 77701 430275 780817 466456 401868 465089 564810 521124 545165 
627104 295664 838753 714708 792013 431567 429486 818932 656155 555429 0 396095 723237 1215391 297625 876265 662454 504087 189261 514071 737629 684817 493538 93570 551702 92912 819556 11571 942800 1200981 507752 791663 826878 699506 725933 761026 827030 923142 913100 805980 862385 661620 582901 451667 1208030 472065 749070 508245 885357 1010352 66561 
478744 352788 952064 628908 555236 590915 313343 492820 653728 182010 396095 0 776120 957612 521623 787329 368511 172327 369771 251027 633808 313499 470293 425243 552480 335262 892047 397849 633272 973202 540404 416340 739419 566262 858681 365225 542497 1030093 749327 746787 692987 705581 240237 426826 946101 464621 529249 478109 692727 697599 399906 
388549 465611 196961 261536 541244 303996 465706 735204 139132 758960 723237 776120 0 812703 440934 295433 625297 684271 541686 589981 291883 795596 306198 635866 224264 652993 116563 712103 755264 742227 239851 858796 273932 347295 165559 991112 646789 261682 444155 217638 434243 70615 703520 349425 816030 311867 501385 299681 486315 801525 657113 
600428 937354 963585 591071 423871 988555 786545 485858 727483 793484 1215391 957612 812703 0 1070916 520877 589492 785480 1048929 725304 556451 694101 774314 1171350 767458 1122536 863751 1208964 347385 103594 818675 643028 539018 551610 976630 843863 415204 976971 371290 595065 396854 799318 721323 798767 17695 798251 466421 760571 353868 303141 1170673 
475360 189533 541571 501809 671536 138240 340587 773907 404326 610249 297625 521623 440934 1070916 0 645498 614631 535206 159082 488369 532315 712720 296602 204645 318424 252356 528142 286057 866406 1033950 266077 811928 600138 520296 428410 854916 741090 625903 723880 565934 682557 387235 598799 276254 1067419 272686 622769 310426 718901 930875 231896 
309259 582116 445669 165750 346572 529681 493038 558308 244868 702194 876265 787329 295433 520877 645498 0 507526 644736 687629 546704 153865 687833 382994 804454 330482 789687 344809 866690 530094 446974 380930 717322 50202 222719 456867 890781 450351 469844 165373 83828 181138 296221 629473 426768 525522 404200 327982 368469 230573 560972 816180 
237211 434189 822177 388410 198175 598873 274266 161490 486282 218093 662454 368511 625297 589492 614631 507526 0 196191 529710 148429 374255 180914 373898 641425 430952 573219 734987 658417 281140 606142 456441 233859 469394 299700 763574 384181 175308 883057 417847 500185 364239 565561 140555 362280 578351 388298 188591 369177 348378 348567 631488 
337588 346106 873438 496429 385342 564300 230414 328595 550571 79119 504087 172327 684271 785480 535206 644736 196191 0 411466 99321 494723 184915 385267 503862 463142 422987 800446 502329 465784 801290 466907 290882 599460 422198 793432 327129 370553 945337 588371 615645 532313 615994 79178 351748 774118 388222 362855 388254 527259 531478 486729 
451375 112493 673587 527258 630046 267632 267231 691045 467537 480396 189261 369771 541686 1048929 159082 687629 529710 411466 0 387643 551413 595533 305621 122980 362485 111321 643599 179314 801590 1027016 319288 699741 638453 517953 564385 717353 679821 757595 731369 616757 682510 477454 483463 265589 1042895 283597 584198 320466 709299 868531 128981 
238621 300951 781543 397127 309478 496220 155461 306441 454520 169199 514071 251027 589981 725304 488369 546704 148429 99321 387643 0 395880 230228 297592 495514 371942 425198 705625 510128 429345 730979 381332 324326 500904 323990 706069 406821 318164 851573 498463 516356 442132 522789 120278 269800 715444 303995 279581 298625 442123 496840 484294 
157284 441964 480917 34886 251962 435153 340593 455453 175964 555780 737629 633808 291883 556451 532315 153865 374255 494723 551413 395880 0 554769 246875 671779 216023 648517 383860 728634 463686 506399 268689 598078 105667 75185 454123 757759 359109 528346 192820 126015 159704 256147 485710 286087 556206 270159 216808 231909 206782 509815 680356 
412177 523299 991431 567651 362564 726445 385681 208243 656676 132625 684817 313499 795596 694101 712720 687833 180914 184915 595533 230228 554769 0 520747 688508 588726 606441 907940 683790 349269 732048 605205 106863 650255 479931 924803 203268 297480 1055868 588790 680771 537606 732489 113921 497659 680063 530032 364073 519467 514803 406506 670693 
183256 199228 489314 221670 382348 234058 159987 518512 187264 462711 493538 470293 306198 774314 296602 382994 373898 385267 305621 297592 246875 520747 0 425059 82187 406751 422532 484127 588714 739087 84458 601362 333416 224356 408779 704413 463943 563728 432854 316107 388318 235895 416893 47295 770873 24133 333227 14966 422718 649916 434565 
574343 235462 746169 646481 751349 340109 387243 801682 576795 564957 93570 425243 635866 1171350 204645 804454 641425 503862 122980 495514 671779 688508 425059 0 475694 90438 729443 82030 917415 1149996 428869 794743 755872 640414 633050 787910 797279 830520 853602 731052 805162 576259 580193 386953 1165127 402250 706012 440008 832269 984702 32642 
211394 265281 410306 184108 403764 221100 241456 564369 109041 539463 551702 552480 224264 767458 318424 330482 430952 463142 362485 371942 216023 588726 82187 475694 0 469369 340735 541592 618152 721899 52762 663084 283365 219912 336104 777684 496538 483076 408812 255360 372002 154239 489240 127313 765884 91547 355934 75592 413758 675397 489419 
534779 207573 782502 626700 699257 374706 336579 731199 576001 480219 92912 335262 652993 1122536 252356 789687 573219 422987 111321 425198 648517 606441 406751 90438 469369 0 754633 86635 852723 1108200 428346 713152 739970 608291 672084 698839 735815 866714 821697 721555 770542 588518 500815 363388 1115229 386209 656187 421220 792858 920262 65334 
497790 575074 101180 357881 635798 390104 582191 836793 252059 874740 819556 892047 116563 863751 528142 344809 734987 800446 643599 705625 383860 907940 422532 729443 340735 754633 0 808192 844994 783770 353626 967500 339005 447519 144993 1105017 742951 148084 507219 283108 508501 186641 818106 465222 869206 427481 599519 416208 561090 886427 753015 
619443 286721 827209 705455 785809 420081 422708 815472 645759 554970 11571 397849 712103 1208964 286057 866690 658417 502329 179314 510128 728634 683790 484127 82030 541592 86635 808192 0 938447 1193759 497346 790653 817374 691211 714374 763007 822103 911596 904852 796066 854368 650660 580966 442588 1201732 462504 742569 498871 877805 1005999 55178 
408717 698740 943661 493867 216893 822681 536435 142825 629522 458766 942800 633272 755264 347385 866406 530094 281140 465784 801590 429345 463686 349269 588714 917415 618152 852723 844994 938447 0 398657 659056 296773 515122 412871 915263 499075 125501 985620 375756 566322 348963 713305 393036 594320 332534 609196 262767 578852 300856 67552 909449 
575701 914556 882101 539838 421767 941532 772056 526521 669632 819197 1200981 973202 742227 103594 1033950 446974 606142 801290 1027016 730979 506399 732048 739087 1149996 721899 1108200 783770 1193759 398657 0 774273 694131 472081 514843 903502 896966 439157 890049 314110 526005 351405 736004 743887 768498 118466 763221 457443 724692 318074 368028 1152177 
250352 229566 412404 236871 447070 170607 238092 597223 148413 544990 507752 540404 239851 818675 266077 380930 456441 466907 319288 381332 268689 605205 84458 428869 52762 428346 353626 497346 659056 774273 0 685275 334593 269061 326587 788049 535807 489690 461429 303777 423945 169847 500969 116274 816806 78822 398522 87289 464820 717969 444236 
470301 623219 1055740 616126 374431 816915 478217 175532 719905 238076 791663 416340 858796 643028 811928 717322 233859 290882 699741 324326 598078 106863 601362 794743 663084 713152 967500 790653 296773 694131 685275 0 685102 525758 997033 202899 285238 1115455 598110 722295 552196 799420 216279 583471 627610 613279 389609 598195 520397 342896 777288 
262567 532401 440064 115575 320070 487734 443242 531298 204185 658848 826878 739419 273932 539018 600138 50202 469394 599460 638453 500904 105667 650255 333416 755872 283365 739970 339005 817374 515122 472081 334593 685102 0 177484 438755 853509 426399 472962 170803 56991 170288 264147 587307 376866 542133 354887 295893 318816 222638 551292 767142 
87601 405945 541542 90648 196235 439668 285299 389344 216840 481569 699506 566262 347295 551610 520296 222719 299700 422198 517953 323990 75185 479931 224356 640414 219912 608291 447519 691211 412871 514843 269061 525758 177484 0 503446 682796 299917 594122 213670 201074 165111 300785 410848 254757 548977 248482 154197 210109 198613 464816 645724 
531962 517302 114334 422135 699433 297377 564465 885566 286988 871314 725933 858681 165559 976630 428410 456867 763574 793432 564385 706069 454123 924803 408779 633050 336104 672084 144993 714374 915263 903502 326587 997033 438755 503446 0 1112739 803035 198023 609336 382055 599669 203066 824585 442477 980376 405384 657198 407508 651623 963668 659895 
612723 668365 1185355 769860 559826 891370 555689 375887 853009 248298 761026 365225 991112 843863 854916 890781 384181 327129 717353 406821 757759 203268 704413 787910 777684 698839 1105017 763007 499075 896966 788049 202899 853509 682796 1112739 0 481570 1252458 786467 883774 736961 925972 288479 675142 828100 710297 565484 705230 710601 541674 763945 
285693 575284 839355 386147 107589 697998 413402 111990 516078 380700 827030 542497 646789 415204 741090 450351 175308 370553 679821 318164 359109 297480 463943 797279 496538 735815 742951 822103 125501 439157 535807 285238 426399 299917 803035 481570 0 887099 315940 472458 274689 600066 306773 468839 403606 484132 145842 454409 237427 190139 790753 
645867 701181 84404 503936 779616 492733 723699 982946 399504 1020450 923142 1030093 261682 976971 625903 469844 883057 945337 757595 851573 528346 1055868 563728 830520 483076 866714 148084 911596 985620 890049 489690 1115455 472962 594122 198023 1252458 887099 0 635151 419600 643152 329369 965117 604322 984119 566339 744907 558619 695260 1024105 856922 
290490 619528 608389 225834 226698 627632 493996 427849 357271 631327 913100 749327 444155 371290 723880 165373 417847 588371 731369 498463 192820 588790 432854 853602 408812 821697 507219 904852 375756 314110 461429 598110 170803 213670 609336 786467 315940 635151 0 227769 56340 428032 554211 467013 373274 456815 229774 418063 78625 400075 859334 
278899 514664 383977 119262 365101 447286 441929 574294 162698 679242 805980 746787 217638 595065 565934 83828 500185 615645 616757 516356 126015 680771 316107 731052 255360 721555 283108 796066 566322 526005 303777 722295 56991 201074 382055 883774 472458 419600 227769 0 225397 212820 610470 361956 598470 335528 336181 302284 277982 604753 744411 
237078 570255 609300 194457 178024 592773 440435 385466 333238 576271 862385 692987 434243 396854 682557 181138 364239 532313 682510 442132 159704 537606 388318 805162 372002 770542 508501 854368 348963 351405 423945 552196 170288 165111 599669 736961 274689 643152 56340 225397 0 409530 499386 419868 396502 412435 175669 373779 52623 381674 809815 
330927 397283 259387 222638 496978 254355 395643 683024 83999 691387 661620 705581 70615 799318 387235 296221 565561 615994 477454 522789 256147 732489 235895 576259 154239 588518 186641 650660 713305 736004 169847 799420 264147 300785 203066 925972 600066 329369 428032 212820 409530 0 637789 278835 801145 241254 454250 229808 459917 763202 595994 
332877 409382 897122 492962 338414 615060 274489 253146 566081 77701 582901 240237 703520 721323 598799 629473 140555 79178 483463 120278 485710 113921 416893 580193 489240 500815 818106 580966 393036 743887 500969 216279 587307 410848 824585 288479 306773 965117 554211 610470 499386 637789 0 390068 709151 424040 324567 417171 487199 457570 564064 
199681 156088 528114 263325 395365 236658 121989 513738 234160 430275 451667 426826 349425 798767 276254 426768 362280 351748 265589 269800 286087 497659 47295 386953 127313 363388 465222 442588 594320 768498 116274 583471 376866 254757 442477 675142 468839 604322 467013 361956 419868 278835 390068 0 794429 37987 346538 59899 450653 657500 394418 
595580 931579 969325 590942 416082 986962 779633 471849 728322 780817 1208030 946101 816030 17695 1067419 525522 578351 774118 1042895 715444 556206 680063 770873 1165127 765884 1115229 869206 1201732 332534 118466 816806 627610 542133 548977 980376 828100 403606 984119 373274 598470 396502 801145 709151 794429 0 794737 459500 757268 352132 286950 1163990 
205605 179141 490180 244231 404436 214592 159314 535712 199991 466456 472065 464621 311867 798251 272686 404200 388298 388222 283597 303995 270159 530032 24133 402250 91547 386209 427481 462504 609196 763221 78822 613279 354887 248482 405384 710297 484132 566339 456815 335528 412435 241254 424040 37987 794737 0 355313 38755 446811 670945 412405 
150038 473745 694876 241756 49126 565253 320158 238792 370256 401868 749070 529249 501385 466421 622769 327982 188591 362855 584198 279581 216808 364073 333227 706012 355934 656187 599519 742569 262767 457443 398522 389609 295893 154197 657198 565484 145842 744907 229774 336181 175669 454250 324567 346538 459500 355313 0 321954 164428 319602 704495 
171924 213655 485319 206797 371036 243923 166082 511460 177111 465089 508245 478109 299681 760571 310426 368469 369177 388254 320466 298625 231909 519467 14966 440008 75592 421220 416208 498871 578852 724692 87289 598195 318816 210109 407508 705230 454409 558619 418063 302284 373779 229808 417171 59899 757268 38755 321954 0 408604 639530 449423 
258481 596808 661911 241652 152408 634847 458479 349385 382154 564810 885357 692727 486315 353868 718901 230573 348378 527259 709299 442123 206782 514803 422718 832269 413758 792858 561090 877805 300856 318074 464820 520397 222638 198613 651623 710601 237427 695260 78625 277982 52623 459917 487199 450653 352132 446811 164428 408604 0 330566 835119 
468220 765050 986226 541549 271686 883432 602896 204978 679989 521124 1010352 697599 801525 303141 930875 560972 348567 531478 868531 496840 509815 406506 649916 984702 675397 920262 886427 1005999 67552 368028 717969 342896 551292 464816 963668 541674 190139 1024105 400075 604753 381674 763202 457570 657500 286950 670945 319602 639530 330566 0 976898 
576683 239811 772523 656221 748939 365082 384488 790728 592606 545165 66561 399906 657113 1170673 231896 816180 631488 486729 128981 484294 680356 670693 434565 32642 489419 65334 753015 55178 909449 1152177 444236 777288 767142 645724 659895 763945 790753 856922 859334 744411 809815 595994 564064 394418 1163990 412405 704495 449423 835119 976898 0 
PICKUP_AND_DELIVERY_SECTION
1 0 0 10000000 0 0 0
2 0 0 10000000 0 95769 111062
3 0 0 10000000 0 618603 335670
4 0 0 10000000 0 896508 1181360
5 0 0 10000000 0 371113 504252
6 0 0 10000000 0 634290 332402
7 0 0 10000000 0 407389 213954
8 0 0 10000000 0 549947 635723
9 0 0 10000000 0 840019 932290
10 0 0 10000000 0 90644 74570
11 0 0 10000000 0 620446 620680
12 0 0 10000000 0 423024 556970
13 0 0 10000000 0 252224 372226
14 0 0 10000000 0 31668 21660
15 0 0 10000000 0 242523 263081
16 0 0 10000000 0 278640 176982
17 0 0 10000000 0 154398 81220
18 0 0 10000000 0 526131 512710
19 0 0 10000000 0 565214 585333
20 0 0 10000000 0 305269 422648
21 0 0 10000000 0 857630 791593
22 0 0 10000000 0 996618 619552
23 0 0 10000000 0 257712 376532
24 0 0 10000000 0 13172 13754
25 0 0 10000000 0 399586 471345
26 0 0 10000000 0 554511 457259
27 0 0 10000000 0 91790 59977
28 0 0 10000000 0 483401 405657
29 0 0 10000000 0 694831 431483
30 0 0 10000000 0 822391 496763
31 0 0 10000000 0 947483 1060811
32 0 0 10000000 0 771789 801059
33 0 0 10000000 0 421374 414615
34 0 0 10000000 0 784866 964385
35 0 0 10000000 0 806564 975210
36 0 0 10000000 0 754629 676884
37 0 0 10000000 0 936065 1371853
38 0 0 10000000 0 706672 782701
39 0 0 10000000 0 97386 119022
40 0 0 10000000 0 889846 454871
41 0 0 10000000 0 316462 367130
42 0 0 10000000 0 990523 1317275
43 0 0 10000000 0 165381 154941
44 0 0 10000000 0 699740 1023151
45 0 0 10000000 0 806685 662003
46 0 0 10000000 0 283280 395701
47 0 0 10000000 0 700707 917663
48 0 0 10000000 0 125976 102398
49 0 0 10000000 0 526167 766366
50 0 0 10000000 0 741051 606962
51 0 0 10000000 0 237036 348815
DEPOT_SECTION
1 
-1
EOF
