NAME : SCA3-8
TYPE : VRPSPD
DIMENSION : 51
VEHICLES : 4
CAPACITY : 8270102
DISTANCE : 0
EDGE_WEIGHT_TYPE : EXPLICIT
EDGE_WEIGHT_FORMAT : FULL_MATRIX
EDGE_WEIGHT_SECTION
0 458874 407479 455289 516016 247794 500886 469882 565536 220629 500072 277964 377055 356530 163954 135639 592110 604454 406437 452784 432451 485107 336490 200736 245592 335719 378671 98559 140238 338968 627166 539208 552326 282046 616670 255863 510008 629613 424307 421656 520566 280980 467982 414946 510745 399870 455810 463506 407241 212674 439439 
458874 0 546212 517849 628465 702195 955273 277372 1020438 415183 854067 511259 442818 815404 436004 494484 743504 145583 817440 872275 601412 882110 619709 343816 327664 563698 166579 471332 381056 616303 765148 998011 693418 437739 731303 696360 103914 831338 171911 189006 779986 699436 216639 520004 494798 851637 881788 484128 354438 260483 898213 
407479 546212 0 827199 109860 560980 651095 328103 812551 199383 888298 134420 739615 594636 245156 282985 993421 653759 429567 797482 830422 453599 165708 541009 247526 101117 594031 312370 293274 158331 1027370 733721 950660 139387 1012386 420921 514803 285812 390266 645512 927663 650975 380217 795804 860866 687906 504397 123870 725197 471242 650835 
455289 517849 827199 0 936239 545919 836941 727782 789921 628107 456411 714276 89185 671633 591307 587897 227137 613563 831206 566444 124129 913917 788984 286378 594289 776787 351740 549035 535007 790726 247305 827608 177578 688162 214404 668108 620211 1078501 627798 334838 310929 453965 686279 49731 86654 637593 860990 840422 165208 370050 744879 
516016 628465 109860 936239 0 655401 711941 382188 886985 308999 990261 239518 848378 675672 354622 388455 1103199 722925 481534 891342 940263 487777 236100 649902 350692 191588 692084 419747 402985 229093 1137193 799980 1060511 248082 1122239 503523 583490 214168 463184 742983 1035416 751499 441414 905336 968273 773890 553574 151661 830840 577312 724150 
247794 702195 560980 545919 655401 0 294310 706605 318503 422824 351258 429634 496853 129513 362180 295345 589735 847443 319808 236512 466211 399650 425717 393959 476609 464650 600779 285569 371363 431776 625935 306449 566472 472113 632460 175326 757605 697001 670389 635786 455687 122089 711293 496615 624044 152235 328062 651553 569151 445716 210666 
500886 955273 651095 836941 711941 294310 0 894260 206621 595134 539626 550610 790997 165616 546331 476110 851228 1100107 232762 366912 747915 260946 485743 678328 673620 552073 876854 489484 584238 493158 885918 95987 836344 621012 899730 264709 992614 661110 887136 916454 694839 387570 915848 787304 916884 224494 169813 768433 862311 713090 98319 
469882 277372 328103 727782 382188 706605 894260 0 1011902 299444 956070 357477 641184 789322 352857 424532 938775 344494 705013 922636 779853 750218 456112 473306 230218 386202 399441 423470 335464 450293 966531 959643 889695 278939 939372 632041 207456 595435 108959 441328 931236 750315 63132 714620 728217 856706 778346 230543 580713 372242 863782 
565536 1020438 812551 789921 886985 318503 206621 1011902 0 716672 403755 695908 764865 223802 659677 588380 750033 1165507 424884 236101 681559 465296 652499 702342 782440 711439 912651 588995 680909 659781 781406 114054 746506 755560 803601 393940 1075532 859264 984663 943828 580446 347969 1022452 741123 875481 170077 371976 921394 854239 762646 162844 
220629 415183 199383 628107 308999 422824 595134 299444 716672 0 718160 101439 540875 493053 61329 129004 795945 546953 416695 652170 632420 473090 206847 342246 88836 162646 420511 139648 94040 204352 829495 660515 752459 62824 813627 332627 419620 462778 301466 472173 738833 489568 322554 596421 664082 567845 487274 242981 532117 279304 565418 
500072 854067 888298 456411 990261 351258 539626 956070 403755 718160 0 753881 468695 410748 658280 606334 355050 985109 658117 174586 332947 731538 769663 511969 742818 799007 704141 581783 639807 775134 383444 485395 361464 777132 410696 526278 938444 1047731 888489 715662 182356 239688 941064 415387 541405 317414 646458 960501 575504 607246 443324 
277964 511259 134420 714276 239518 429634 550610 357477 695908 101439 753881 0 628888 473995 122969 149086 868731 638089 348316 665775 707222 393564 108588 431568 183987 63437 521894 180584 182705 105045 903353 626003 827540 80056 890690 302023 505958 366792 383061 573524 796071 516770 393348 679425 755719 562033 422413 226083 627950 377384 537047 
377055 442818 739615 89185 848378 496853 790997 641184 764865 540875 468695 628888 0 625541 506049 506799 302583 549515 765366 553374 161989 847482 706910 198642 505291 691761 276439 467804 448329 708317 327328 791002 252531 600388 298302 603267 543200 994351 542949 268386 350506 419361 601467 77222 134558 604495 800383 751286 108143 280910 702893 
356530 815404 594636 671633 675672 129513 165616 789322 223802 493053 410748 473995 625541 0 436622 365111 696237 960983 254656 253147 585150 322525 439576 520193 560644 493762 723932 367806 461247 446620 731683 182952 678026 531937 742630 173714 862811 676446 766503 760955 547745 225985 802013 622047 751294 106855 235713 699994 698632 564290 83679 
163954 436004 245156 591307 354622 362180 546331 352857 659677 61329 658280 122969 506049 436622 0 71694 748871 574037 382660 590868 586439 446147 210142 309222 127289 185719 417421 78328 64968 209789 783103 607615 706781 119054 769323 281871 453577 488748 341832 468056 684356 428503 369749 556629 633581 508370 449811 302225 508442 262373 511096 
135639 494484 282985 587897 388455 295345 476110 424532 588380 129004 606334 149086 506799 365111 71694 0 727084 635560 323863 527700 568029 393116 201424 317936 198135 202394 457144 38998 113443 203615 762322 536072 687791 177152 752272 211402 519549 494011 411075 505916 647912 371244 440827 549036 638720 438937 387336 358917 524190 293278 439412 
592110 743504 993421 227137 1103199 589735 851228 938775 750033 795945 355050 868731 302583 696237 748871 727084 0 840423 905712 513972 164122 987371 925090 472565 779618 927711 576968 690668 702302 928312 36498 816436 50123 858503 56264 747401 844987 1219116 843612 561938 172696 472240 902036 226010 278489 629819 917639 1025680 392335 569346 753167 
604454 145583 653759 613563 722925 847443 1100107 344494 1165507 546953 985109 638089 549515 960983 574037 635560 840423 0 956664 1012812 711412 1018612 746452 480881 458145 685587 281707 614264 522288 742364 857813 1143567 791113 560859 820512 840069 139576 933370 263520 281156 896978 841293 282573 624882 573382 996438 1022632 572382 448955 403927 1043764 
406437 817440 429567 831206 481534 319808 232762 705013 424884 416695 658117 348316 765366 254656 382660 323863 905712 956664 0 507481 770993 82884 264688 606538 503761 335209 775243 351973 436792 271917 942139 325303 878891 426075 945522 163168 834714 434599 718157 821880 775465 441772 736667 784497 899445 360814 75121 551110 810892 608185 267824 
452784 872275 797482 566444 891342 236512 366912 922636 236101 652170 174586 665775 553374 253147 590868 527700 513972 1012812 507481 0 452163 575035 659639 532809 696103 700977 741667 512678 589439 665958 545570 310967 510862 704798 567508 397627 943406 919936 872446 764488 345177 175110 919148 519171 652989 150209 485734 886079 651414 612724 272447 
432451 601412 830422 124129 940263 466211 747915 779853 681559 632420 332947 707222 161989 585150 586439 568029 164122 711412 770993 452163 0 853707 767882 309875 615621 767060 436045 530815 538625 770731 197081 728779 120348 694865 184272 609063 699805 1061668 687900 430336 191054 360350 745984 90058 208458 537793 791566 861570 267214 408422 652522 
485107 882110 453599 913917 487777 399650 260946 750218 465296 473090 731538 393564 847482 322525 446147 393116 987371 1018612 82884 575035 853707 0 296434 685738 561668 368229 848762 424172 504062 302954 1023760 356933 961112 473417 1027694 246004 892692 403791 772996 896362 854651 521116 786714 867300 981691 425722 94079 577390 891087 682557 319283 
336490 619709 165708 788984 236100 425717 485743 456112 652499 206847 769663 108588 706910 439576 210142 201424 925090 746452 264688 659639 767882 296434 0 514237 292178 71881 624078 240065 274899 7416 960703 569744 887113 186303 952133 267692 613557 294032 489892 675340 835071 530043 496676 750449 837622 538269 339746 286422 717113 472457 489888 
200736 343816 541009 286378 649902 393959 678328 473306 702342 342246 511969 431568 198642 520193 309222 317936 472565 480881 606538 532809 309875 685738 514237 0 310151 494750 211084 279376 250016 515072 503177 700352 425308 401849 481632 451796 426616 797964 388445 242149 459793 364171 444957 258134 324378 532465 652901 557081 207426 101689 603355 
245592 327664 247526 594289 350692 476609 673620 230218 782440 88836 742818 183987 505291 560644 127289 198135 779618 458145 503761 696103 615621 561668 292178 310151 0 239599 348122 193509 106669 288959 811415 733996 733582 115957 791378 409114 331306 528039 215469 399861 741764 526213 242693 568249 619946 626490 573234 246941 480480 227962 636791 
335719 563698 101117 776787 191588 464650 552073 386202 711439 162646 799007 63437 691761 493762 185719 202394 927711 685587 335209 700977 767060 368229 71881 494750 239599 0 582655 237263 246140 65276 962612 633403 887262 125959 950899 320066 550497 303396 425793 634394 849878 560017 428971 741340 818993 588029 410331 216831 691358 440448 549796 
378671 166579 594031 351740 692084 600779 876854 399441 912651 420511 704141 521894 276439 723932 417421 457144 576968 281707 775243 741667 436045 848762 624078 211084 348122 582655 0 424607 353113 622546 598941 905947 526872 463422 565690 633392 268472 876161 292015 51807 617693 574977 348585 353564 334609 742614 830908 564287 190058 167498 807578 
98559 471332 312370 549035 419747 285569 489484 423470 588995 139648 581783 180584 467804 367806 78328 38998 690668 614264 351973 512678 530815 424172 240065 279376 193509 237263 424607 0 94930 242067 725720 543777 650789 195702 714968 226308 503146 531970 400037 472545 615670 350443 434208 510423 599746 433760 412124 379189 485986 259014 445463 
140238 381056 293274 535007 402985 371363 584238 335464 680909 94040 639807 182705 448329 461247 64968 113443 702302 522288 436792 589439 538625 504062 274899 250016 106669 246140 353113 94930 0 274354 735705 638403 658577 156241 719608 320465 408573 549468 305510 403514 649566 419961 341564 502638 573509 522202 500778 329754 445482 197563 539813 
338968 616303 158331 790726 229093 431776 493158 450293 659781 204352 775134 105045 708317 446620 209789 203615 928312 742364 271917 665958 770731 302954 7416 515072 288959 65276 622546 242067 274354 0 963867 577146 890093 181829 954999 274554 609091 290964 485220 673888 839364 535477 491355 752486 838720 545093 346957 279203 717406 471901 497191 
627166 765148 1027370 247305 1137193 625935 885918 966531 781406 829495 383444 903353 327328 731683 783103 762322 36498 857813 942139 545570 197081 1023760 960703 503177 811415 962612 598941 725720 735705 963867 0 849747 77885 891945 43036 783895 867373 1254736 869964 581362 201668 508098 928460 252059 289394 663936 953765 1057834 411878 598666 787767 
539208 998011 733721 827608 799980 306449 95987 959643 114054 660515 485395 626003 791002 182952 607615 536072 816436 1143567 325303 310967 728779 356933 569744 700352 733996 633403 905947 543777 638403 577146 849747 0 806864 692257 867658 328311 1043366 756374 943810 941971 652544 373810 976585 777955 910733 190994 265413 848061 871236 747163 99808 
552326 693418 950660 177578 1060511 566472 836344 889695 746506 752459 361464 827540 252531 678026 706781 687791 50123 791113 878891 510862 120348 961112 887113 425308 733582 887262 526872 650789 658577 890093 77885 806864 0 814811 66756 718751 794866 1181057 794005 512202 182833 452329 852455 176131 233403 617893 894383 980062 342669 521087 738891 
282046 437739 139387 688162 248082 472113 621012 278939 755560 62824 777132 80056 600388 531937 119054 177152 858503 560859 426075 704798 694865 473417 186303 401849 115957 125959 463422 195702 156241 181829 891945 692257 814811 0 875689 364555 427275 413164 303674 515216 801259 545842 313347 657480 721553 612931 499488 183492 586730 332794 600075 
616670 731303 1012386 214404 1122239 632460 899730 939372 803601 813627 410696 890690 298302 742630 769323 752272 56264 820512 945522 567508 184272 1027694 952133 481632 791378 950899 565690 714968 719608 954999 43036 867658 66756 875689 0 785490 834101 1245940 841045 545926 228451 517328 899563 225657 249548 679796 960473 1038252 377063 574529 801970 
255863 696360 420921 668108 503523 175326 264709 632041 393940 332627 526278 302023 603267 173714 281871 211402 747401 840069 163168 397627 609063 246004 267692 451796 409114 320066 633392 226308 320465 274554 783895 328311 718751 364555 785490 0 729027 523953 622436 677321 625201 294828 651598 621332 737048 270608 201122 527485 652908 466188 235698 
510008 103914 514803 620211 583490 757605 992614 207456 1075532 419620 938444 505958 543200 862811 453577 519549 844987 139576 834714 943406 699805 892692 613557 426616 331306 550497 268472 503146 408573 609091 867373 1043366 794866 427275 834101 729027 0 793798 125271 292915 874585 768691 144601 620407 598686 909316 903208 433245 457644 333165 943887 
629613 831338 285812 1078501 214168 697001 661110 595435 859264 462778 1047731 366792 994351 676446 488748 494011 1219116 933370 434599 919936 1061668 403791 294032 797964 528039 303396 876161 531970 549468 290964 1254736 756374 1181057 413164 1245940 523953 793798 0 671236 927898 1125753 810514 653521 1041622 1122295 782673 491338 365346 994252 742075 701860 
424307 171911 390266 627798 463184 670389 887136 108959 984663 301466 888489 383061 542949 766503 341832 411075 843612 263520 718157 872446 687900 772996 489892 388445 215469 425793 292015 400037 305510 485220 869964 943810 794005 303674 841045 622436 125271 671236 0 332731 848123 697645 58519 618021 623509 822547 788361 315343 476310 287014 845321 
421656 189006 645512 334838 742983 635786 916454 441328 943828 472173 715662 573524 268386 760955 468056 505916 561938 281156 821880 764488 430336 896362 675340 242149 399861 634394 51807 472545 403514 673888 581362 941971 512202 515216 545926 677321 292915 927898 332731 0 616989 601847 387568 343816 305998 774179 876055 613601 169641 213826 844401 
520566 779986 927663 310929 1035416 455687 694839 931236 580446 738833 182356 796071 350506 547745 684356 647912 172696 896978 775465 345177 191054 854651 835071 459793 741764 849878 617693 615670 649566 839364 201668 652544 182833 801259 228451 625201 874585 1125753 848123 616989 0 333701 904749 281110 388976 470715 777838 979317 457456 561449 596562 
280980 699436 650975 453965 751499 122089 387570 750315 347969 489568 239688 516770 419361 225985 428503 371244 472240 841293 441772 175110 360350 521116 530043 364171 526213 560017 574977 350443 419961 535477 508098 373810 452329 545842 517328 294828 768691 810514 697645 601847 333701 0 744962 404270 536933 185207 446566 729120 506317 439205 292533 
467982 216639 380217 686279 441414 711293 915848 63132 1022452 322554 941064 393348 601467 802013 369749 440827 902036 282573 736667 919148 745984 786714 496676 444957 242693 428971 348585 434208 341564 491355 928460 976585 852455 313347 899563 651598 144601 653521 58519 387568 904749 744962 0 676498 681197 862951 808623 290235 534174 343308 879090 
414946 520004 795804 49731 905336 496615 787304 714620 741123 596421 415387 679425 77222 622047 556629 549036 226010 624882 784497 519171 90058 867300 750449 258134 568249 741340 353564 510423 502638 752486 252059 777955 176131 657480 225657 621332 620407 1041622 618021 343816 281110 404270 676498 0 134395 588039 813010 815144 178021 348965 695155 
510745 494798 860866 86654 968273 624044 916884 728217 875481 664082 541405 755719 134558 751294 633581 638720 278489 573382 899445 652989 208458 981691 837622 324378 619946 818993 334609 599746 573509 838720 289394 910733 233403 721553 249548 737048 598686 1122295 623509 305998 388976 536933 681197 134395 0 721391 933152 862112 147519 391990 826209 
399870 851637 687906 637593 773890 152235 224494 856706 170077 567845 317414 562033 604495 106855 508370 438937 629819 996438 360814 150209 537793 425722 538269 532465 626490 588029 742614 433760 522202 545093 663936 190994 617893 612931 679796 270608 909316 782673 822547 774179 470715 185207 862951 588039 721391 0 335682 787545 689490 593098 126659 
455810 881788 504397 860990 553574 328062 169813 778346 371976 487274 646458 422413 800383 235713 449811 387336 917639 1022632 75121 485734 791566 94079 339746 652901 573234 410331 830908 412124 500778 346957 953765 265413 894383 499488 960473 201122 903208 491338 788361 876055 777838 446566 808623 813010 933152 335682 0 626160 853570 663409 225565 
463506 484128 123870 840422 151661 651553 768433 230543 921394 242981 960501 226083 751286 699994 302225 358917 1025680 572382 551110 886079 861570 577390 286422 557081 246941 216831 564287 379189 329754 279203 1057834 848061 980062 183492 1038252 527485 433245 365346 315343 613601 979317 729120 290235 815144 862112 787545 626160 0 719048 471531 761521 
407241 354438 725197 165208 830840 569151 862311 580713 854239 532117 575504 627950 108143 698632 508442 524190 392335 448955 810892 651414 267214 891087 717113 207426 480480 691358 190058 485986 445482 717406 411878 871236 342669 586730 377063 652908 457644 994252 476310 169641 457456 506317 534174 178021 147519 689490 853570 719048 0 253977 779064 
212674 260483 471242 370050 577312 445716 713090 372242 762646 279304 607246 377384 280910 564290 262373 293278 569346 403927 608185 612724 408422 682557 472457 101689 227962 440448 167498 259014 197563 471901 598666 747163 521087 332794 574529 466188 333165 742075 287014 213826 561449 439205 343308 348965 391990 593098 663409 471531 253977 0 647880 
439439 898213 650835 744879 724150 210666 98319 863782 162844 565418 443324 537047 702893 83679 511096 439412 753167 1043764 267824 272447 652522 319283 489888 603355 636791 549796 807578 445463 539813 497191 787767 99808 738891 600075 801970 235698 943887 701860 845321 844401 596562 292533 879090 695155 826209 126659 225565 761521 779064 647880 0 
PICKUP_AND_DELIVERY_SECTION
1 0 0 10000000 0 0 0
2 0 0 10000000 0 408299 241991
3 0 0 10000000 0 373568 441328
4 0 0 10000000 0 817938 979285
5 0 0 10000000 0 59848 31133
6 0 0 10000000 0 983895 710760
7 0 0 10000000 0 959549 553172
8 0 0 10000000 0 409617 208739
9 0 0 10000000 0 171929 245175
10 0 0 10000000 0 670879 933418
11 0 0 10000000 0 333981 358937
12 0 0 10000000 0 866934 986926
13 0 0 10000000 0 991714 861512
14 0 0 10000000 0 175168 107784
15 0 0 10000000 0 591078 427687
16 0 0 10000000 0 603875 521013
17 0 0 10000000 0 468073 386177
18 0 0 10000000 0 629821 727331
19 0 0 10000000 0 680239 507580
20 0 0 10000000 0 103704 150308
21 0 0 10000000 0 747830 945307
22 0 0 10000000 0 880518 596145
23 0 0 10000000 0 725692 939970
24 0 0 10000000 0 394462 423677
25 0 0 10000000 0 85881 66881
26 0 0 10000000 0 879921 538657
27 0 0 10000000 0 751465 458700
28 0 0 10000000 0 294076 401087
29 0 0 10000000 0 290391 322686
30 0 0 10000000 0 172736 112328
31 0 0 10000000 0 345238 265288
32 0 0 10000000 0 229709 313055
33 0 0 10000000 0 629234 522024
34 0 0 10000000 0 874676 453459
35 0 0 10000000 0 442544 574908
36 0 0 10000000 0 190804 237557
37 0 0 10000000 0 9730 10432
38 0 0 10000000 0 728247 701522
39 0 0 10000000 0 96101 95701
40 0 0 10000000 0 671716 572684
41 0 0 10000000 0 377387 396833
42 0 0 10000000 0 828928 873883
43 0 0 10000000 0 80266 106105
44 0 0 10000000 0 400135 397255
45 0 0 10000000 0 755540 851166
46 0 0 10000000 0 8950 6383
47 0 0 10000000 0 923177 635366
48 0 0 10000000 0 921656 1311761
49 0 0 10000000 0 533977 414020
50 0 0 10000000 0 237861 336823
51 0 0 10000000 0 1326 1677
DEPOT_SECTION
1 
-1
EOF
