NAME : SCA3-7
TYPE : VRPSPD
DIMENSION : 51
VEHICLES : 4
CAPACITY : 8335093
DISTANCE : 0
EDGE_WEIGHT_TYPE : EXPLICIT
EDGE_WEIGHT_FORMAT : FULL_MATRIX
EDGE_WEIGHT_SECTION
0 448181 475310 426016 451702 72645 453021 616973 193862 634091 432178 386749 504486 282357 479900 331034 94758 306760 139528 551242 193295 483899 335783 441803 250112 355847 247908 260700 12305 384262 518639 463803 351660 419836 460468 448868 592594 448949 482326 508435 38185 611005 499864 388811 488993 93683 455825 139270 555806 459187 359223 
448181 0 811870 785791 774177 451284 239842 790790 640078 247770 530445 411384 773040 684265 742789 753205 356014 587070 331935 736253 443777 308562 782624 569184 658414 439483 608364 708809 448005 122854 966820 61209 332669 287904 647202 344668 226451 895912 886441 469624 416083 865832 844767 623162 930112 532398 7786 463220 808906 708491 416972 
475310 811870 0 734109 795733 538960 904391 1035035 436653 1046230 378161 861983 883039 590022 868078 564791 546430 225561 506403 972716 370919 645746 366419 341535 565632 829105 228682 390690 485851 802003 474684 794721 824091 603159 895190 581075 1012037 398449 691101 526789 477900 979263 34675 219038 560370 477094 817810 599554 935451 166117 441397 
426016 785791 734109 0 75623 373476 659311 351525 311070 878208 842313 464489 176760 155496 178740 171698 475327 670134 556587 307355 607499 903565 381965 842932 187364 412380 570458 343419 416609 677927 423082 823526 506822 840050 284435 873342 832468 424477 142229 933006 461967 252043 741116 755679 303107 342153 793342 332879 220694 800202 782828 
451702 774177 795733 75623 0 391143 627560 275905 364229 845981 878391 424329 101155 206840 104641 240770 487541 716355 573743 232968 640420 917045 451093 882244 234836 374095 620573 406273 441121 660847 498704 816263 475925 854471 219854 891688 800588 498890 211170 959830 485195 183819 804606 802536 378210 376399 781512 340501 146677 852184 810922 
72645 451284 538960 373476 391143 0 417862 544895 197849 613227 501733 325364 437192 242180 411638 303958 104379 378801 183459 479137 263893 530089 354436 512926 212672 290200 314449 275333 60340 369973 526564 475984 300186 466604 387942 501238 569777 464859 446654 570241 97198 543745 561725 461323 479311 89569 459067 66629 487718 530786 423052 
453021 239842 904391 659311 627560 417862 0 581423 613280 218952 702113 210555 600460 599729 570992 678722 364679 694745 399791 534802 542233 533214 771823 734702 582778 255499 678947 692424 446536 137070 937014 300971 152506 497837 456558 555603 173292 880780 783301 676595 436592 679551 933454 753408 870564 507220 243282 393731 626373 838220 587303 
616973 790790 1035035 351525 275905 544895 581423 0 599246 777822 1044145 380047 174884 454768 176517 508301 612029 916767 702441 65766 808355 1010845 713788 1057393 473525 353476 834881 657750 604740 667944 774607 845365 458122 954451 160276 1002394 737087 772026 480535 1094475 640163 151269 1048684 1001767 653418 571324 796773 479102 139770 1064309 955634 
193862 640078 436653 311070 364229 197849 613280 599246 0 811074 544979 492657 447169 157669 431494 163604 284068 361044 329172 537935 323877 660592 159775 540444 130056 447491 259532 80526 192500 566600 329324 657552 485199 597070 465594 617161 767599 267580 318839 652980 229779 545924 449450 445787 296043 109351 647787 224169 499896 489326 503798 
634091 247770 1046230 878208 845981 613227 218952 777822 811074 0 778206 424773 814807 813488 785834 891131 539889 824204 546343 737994 675315 542160 965903 816915 794464 472579 832042 887626 630135 251298 1139335 290884 371452 531474 666996 586454 45802 1077566 1000963 710886 609787 888308 1078045 866633 1080943 702234 244218 600192 837285 952400 664640 
432178 530445 378161 842313 878391 501733 702113 1044145 544979 778206 0 749980 936459 688222 912074 708560 435975 207946 349546 978469 239126 284742 587953 42531 655565 739005 310725 556880 443928 571255 760267 492853 684545 260089 884923 220346 754843 674812 863147 148903 404908 1042890 411998 161650 798314 502218 534067 565959 987951 221617 115584 
386749 411384 861983 464489 424329 325364 210555 380047 492657 424773 749980 0 390439 434708 361233 515501 328847 681939 403647 328364 540465 654801 650572 773768 425914 52736 634514 572703 376132 288598 792993 467294 80129 604743 246355 658144 380160 749982 597263 765445 388589 469448 885967 756382 708481 402707 417185 273244 415870 834602 644544 
504486 773040 883039 176760 101155 437192 600460 174884 447169 814807 936459 390439 0 293787 30258 338280 523566 787395 613400 136751 697342 947099 547141 944084 317470 345803 696741 497167 492936 654143 599805 820424 454366 886353 153114 928104 770465 599272 307610 1006135 534214 106574 893858 873615 478645 440856 779974 377711 53076 928715 860084 
282357 684265 590022 155496 206840 242180 599729 454768 157669 813488 688222 434708 293787 0 281297 80823 346530 514754 419147 397280 455545 765878 260551 687917 32987 383118 415944 203775 274516 588715 363214 714240 453169 701862 338329 730981 768016 334757 204599 783514 319957 389532 600177 600424 274167 192600 692022 221473 345757 646707 633037 
479900 742789 868078 178740 104641 411638 570992 176517 431494 785834 912074 361233 30258 281297 0 331837 496140 766467 586269 128618 673065 918433 538357 920530 302805 316066 677610 485059 468204 623892 600491 790244 424422 857917 127840 900159 741369 595646 315594 979516 508805 133068 879886 852564 481821 419235 749720 351037 76091 909311 834074 
331034 753205 564791 171698 240770 303958 678722 508301 163604 891131 708560 515501 338280 80823 331837 0 406443 521456 470516 455409 485353 812831 210590 703456 96854 463835 417109 175375 325354 662190 285683 779865 533261 748822 406439 773251 845822 265924 155890 815058 369209 422940 570532 604749 193430 237398 760988 294119 387028 641270 665240 
94758 356014 546430 475327 487541 104379 364679 612029 284068 539889 435975 328847 523566 346530 496140 406443 0 353823 90849 546819 212517 429699 430240 454199 316745 308478 318174 354348 92651 289631 611688 375736 279775 366937 451872 405337 498811 543283 550925 484837 71964 629208 573672 427582 575641 176832 363729 147451 571784 506033 343608 
306760 587070 225561 670134 716355 378801 694745 916767 361044 824204 207946 681939 787395 514754 766467 521456 353823 0 295498 851488 152622 434533 382100 189913 483680 657339 106827 358497 318926 584077 552321 569161 632538 385764 763689 372141 791507 466866 672236 347625 295208 891620 259236 86290 593696 347443 592880 445144 840301 153141 229851 
139528 331935 506403 556587 573743 183459 399791 702441 329172 546343 349546 403647 613400 419147 586269 470516 90849 295498 0 637350 143874 347429 457099 370784 387551 389758 286058 387890 145467 297382 644831 337059 344434 283655 542204 317986 509368 569730 621009 394031 101424 719307 536586 359844 625207 233212 339139 235989 662055 442556 253370 
551242 736253 972716 307355 232968 479137 534802 65766 537935 737994 978469 328364 136751 397280 128618 455409 546819 851488 637350 0 742590 948794 657541 991631 414111 296949 770479 598842 539004 613654 728439 789517 404234 891748 95859 939036 695888 720829 443141 1029862 574407 156836 987056 936365 610410 506613 742469 413336 120914 999426 890419 
193295 443777 370919 607499 640420 263893 542233 808355 323877 675315 239126 540465 697342 455545 673065 485353 212517 152622 143874 742590 0 351689 407394 249077 422585 520918 168830 355579 205185 432355 594810 433069 485841 291739 650287 300228 641312 512360 641242 329757 168342 803764 402835 216982 604044 265525 450092 329256 748894 298803 179973 
483899 308562 645746 903565 917045 530089 533214 1010845 660592 542160 284742 654801 947099 765878 918433 812831 429699 434533 347429 948794 351689 0 758892 327239 733887 664276 506353 703604 491373 397162 946492 253852 576460 64073 853327 65221 529763 863805 965896 173773 446020 1050732 680403 428306 951041 576405 308913 576560 992603 501876 205464 
335783 782624 366419 381965 451093 354436 771823 713788 159775 965903 587953 650572 547141 260551 538357 210590 430240 382100 457099 657541 407394 758892 0 571994 248324 604056 277228 79519 337795 718405 189197 793601 644965 697998 597319 707092 923106 113295 324714 717395 366544 633525 367386 454212 212133 264868 790183 383920 596863 470100 577067 
441803 569184 341535 842932 882244 512926 734702 1057393 540444 816915 42531 773768 944084 687917 920530 703456 454199 189913 370784 991631 249077 327239 571994 0 655621 760345 296021 546223 453843 605596 739476 533043 710591 302066 899070 262878 792626 654191 856729 186024 417250 1050186 374891 129984 783596 506002 573021 578312 996085 181603 152383 
250112 658414 565632 187364 234836 212672 582778 473525 130056 794464 655565 425914 317470 32987 302805 96854 316745 483680 387551 414111 422585 733887 248324 655621 0 375349 386046 184779 242548 565665 367432 686863 438836 669845 349304 698477 749210 331491 234359 750531 287872 415897 577081 569549 287895 159756 666189 197541 370056 617418 600053 
355847 439483 829105 412380 374095 290200 255499 353476 447491 472579 739005 52736 345803 383118 316066 463835 308478 657339 389758 296949 520918 664276 604056 760345 375349 0 603381 526962 344580 317134 742734 492606 109620 611097 208474 662451 427474 701564 544595 764710 362190 430152 851872 734538 656560 362270 445792 233060 374902 810461 637426 
247908 608364 228682 570458 620573 314449 678947 834881 259532 832042 310725 634514 696741 415944 677610 417109 318174 106827 286058 770479 168830 506353 277228 296021 386046 603381 0 251808 258894 583401 453137 600934 595412 450750 686672 448261 795416 367931 566412 443038 249221 799167 255506 187693 487987 264216 614985 377763 749817 232047 310034 
260700 708809 390690 343419 406273 275333 692424 657750 80526 887626 556880 572703 497167 203775 485059 175375 354348 358497 387890 598842 355579 703604 79519 546223 184779 526962 251808 0 261697 641074 258142 722381 565654 641300 532570 655283 844594 189973 316383 677233 293415 590089 398397 438255 248466 185793 716436 304659 548686 468435 531866 
12305 448005 485851 416609 441121 60340 446536 604740 192500 630135 443928 376132 492936 274516 468204 325354 92651 318926 145467 539004 205185 491373 337795 453843 242548 344580 258894 261697 0 381027 519150 465215 342486 427349 448174 457438 588278 450738 475585 518775 45577 599479 510074 401082 486481 88799 455687 126967 544148 471270 369869 
384262 122854 802003 677927 660847 369973 137070 667944 566600 251298 571255 288598 654143 588715 623892 662190 289631 584077 297382 613654 432355 397162 718405 605596 565665 317134 583401 641074 381027 0 895914 179455 209830 360767 525268 418538 212389 830908 786628 539818 358777 745029 832910 635203 846567 457249 128866 368125 688497 720942 455795 
518639 966820 474684 423082 498704 526564 937014 774607 329324 1139335 760267 792993 599805 363214 600491 285683 611688 552321 644831 728439 594810 946492 189197 739476 367432 742734 453137 258142 519150 895914 0 980322 800370 886161 689145 893327 1095437 85460 307355 896156 551542 663539 462496 614393 127873 438674 974461 543336 641549 612060 760291 
463803 61209 794721 823526 816263 475984 300971 845365 657552 290884 492853 467294 820424 714240 790244 779865 375736 569161 337059 789517 433069 253852 793601 533043 686863 492606 600934 722381 465215 179455 980322 0 387772 240822 698996 295580 276027 906505 918058 420143 429202 915448 828320 597547 951195 552261 58723 495366 858058 681714 382464 
351660 332669 824091 506822 475925 300186 152506 458122 485199 371452 684545 80129 454366 453169 424422 533261 279775 632538 344434 404234 485841 576460 644965 710591 438836 109620 595412 565654 342486 209830 800370 387772 0 527755 317782 582012 325760 749953 631951 691934 346228 539769 850073 702822 726352 385541 338682 261052 484468 783607 576187 
419836 287904 603159 840050 854471 466604 497837 954451 597070 531474 260089 604743 886353 701862 857917 748822 366937 385764 283655 891748 291739 64073 697998 302066 669845 611097 450750 641300 427349 360767 886161 240822 527755 0 796046 57954 513951 804053 901826 182106 381974 990505 637802 389343 888297 512337 289827 514121 932464 467635 162865 
460468 647202 895190 284435 219854 387942 456558 160276 465594 666996 884923 246355 153114 338329 127840 406439 451872 763689 542204 95859 650287 853327 597319 899070 349304 208474 686672 532570 448174 525268 689145 698996 317782 796046 0 843194 623390 671314 426552 934260 481945 223092 911437 847793 578965 422562 653652 321557 170315 913287 795451 
448868 344668 581075 873342 891688 501238 555603 1002394 617161 586454 220346 658144 928104 730981 900159 773251 405337 372141 317986 939036 300228 65221 707092 262878 698477 662451 448261 655283 457438 418538 893327 295580 582012 57954 843194 0 570184 809799 927823 124971 411874 1033104 615714 363290 903595 539272 346294 552696 975293 436674 142316 
592594 226451 1012037 832468 800588 569777 173292 737087 767599 45802 754843 380160 770465 768016 741369 845822 498811 791507 509368 695888 641312 529763 923106 792626 749210 427474 795416 844594 588278 212389 1095437 276027 325760 513951 623390 570184 0 1034449 955177 695114 569304 845215 1043439 836936 1035922 658994 224151 555399 793706 922838 640262 
448949 895912 398449 424477 498890 464859 880780 772026 267580 1077566 674812 749982 599272 334757 595646 265924 543283 466866 569730 720829 512360 863805 113295 654191 331491 701564 367931 189973 450738 830908 85460 906505 749953 804053 671314 809799 1034449 0 330702 810883 479835 673911 389451 529563 168082 375471 903467 489512 645120 529751 675790 
482326 886441 691101 142229 211170 446654 783301 480535 318839 1000963 863147 597263 307610 204599 315594 155890 550925 672236 621009 443141 641242 965896 324714 856729 234359 544595 566412 316383 475585 786628 307355 918058 631951 901826 426552 927823 955177 330702 0 970946 520426 358347 691616 753821 179970 389493 894165 423343 342569 784160 821118 
508435 469624 526789 933006 959830 570241 676595 1094475 652980 710886 148903 765445 1006135 783514 979516 815058 484837 347625 394031 1029862 329757 173773 717395 186024 750531 764710 443038 677233 518775 539818 896156 420143 691934 182106 934260 124971 695114 810883 970946 0 474710 1112397 560449 310403 923828 591492 471264 628500 1055470 367419 150482 
38185 416083 477900 461967 485195 97198 436592 640163 229779 609787 404908 388589 534214 319957 508805 369209 71964 295208 101424 574407 168342 446020 366544 417250 287872 362190 249221 293415 45577 358777 551542 429202 346228 381974 481945 411874 569304 479835 520426 474710 0 640784 504282 373979 525563 131833 423649 161198 584876 448349 326552 
611005 865832 979263 252043 183819 543745 679551 151269 545924 888308 1042890 469448 106574 389532 133068 422940 629208 891620 719307 156836 803764 1050732 633525 1050186 415897 430152 799167 590089 599479 745029 663539 915448 539769 990505 223092 1033104 845215 673911 358347 1112397 640784 0 988394 977901 537535 546018 872525 483899 58223 1031206 966576 
499864 844767 34675 741116 804606 561725 933454 1048684 449450 1078045 411998 885967 893858 600177 879886 570532 573672 259236 536586 987056 402835 680403 367386 374891 577081 851872 255506 398397 510074 832910 462496 828320 850073 637802 911437 615714 1043439 389451 691616 560449 504282 988394 0 253456 554204 496507 850772 620977 945934 197417 476071 
388811 623162 219038 755679 802536 461323 753408 1001767 445787 866633 161650 756382 873615 600424 852564 604749 427582 86290 359844 936365 216982 428306 454212 129984 569549 734538 187693 438255 401082 635203 614393 597547 702822 389343 847793 363290 836936 529563 753821 310403 373979 977901 253456 0 666300 433412 628255 527905 926503 85920 226478 
488993 930112 560370 303107 378210 479311 870564 653418 296043 1080943 798314 708481 478645 274167 481821 193430 575641 593696 625207 610410 604044 951041 212133 783596 287895 656560 487987 248466 486481 846567 127873 951195 726352 888297 578965 903595 1035922 168082 179970 923828 525563 537535 554204 666300 0 398934 937883 481048 518106 679074 779807 
93683 532398 477094 342153 376399 89569 507220 571324 109351 702234 502218 402707 440856 192600 419235 237398 176832 347443 233212 506613 265525 576405 264868 506002 159756 362270 264216 185793 88799 457249 438674 552261 385541 512337 422562 539272 658994 375471 389493 591492 131833 546018 496507 433412 398934 0 540139 129551 493561 493045 441100 
455825 7786 817810 793342 781512 459067 243282 796773 647787 244218 534067 417185 779974 692022 749720 760988 363729 592880 339139 742469 450092 308913 790183 573021 666189 445792 614985 716436 455687 128866 974461 58723 338682 289827 653652 346294 224151 903467 894165 471264 423649 872525 850772 628255 937883 540139 0 470959 815656 713491 420923 
139270 463220 599554 332879 340501 66629 393731 479102 224169 600192 565959 273244 377711 221473 351037 294119 147451 445144 235989 413336 329256 576560 383920 578312 197541 233060 377763 304659 126967 368125 543336 495366 261052 514121 321557 552696 555399 489512 423343 628500 161198 483899 620977 527905 481048 129551 470959 0 427038 596815 483385 
555806 808906 935451 220694 146677 487718 626373 139770 499896 837285 987951 415870 53076 345757 76091 387028 571784 840301 662055 120914 748894 992603 596863 996085 370056 374902 749817 548686 544148 688497 641549 858058 484468 932464 170315 975293 793706 645120 342569 1055470 584876 58223 945934 926503 518106 493561 815656 427038 0 981786 910152 
459187 708491 166117 800202 852184 530786 838220 1064309 489326 952400 221617 834602 928715 646707 909311 641270 506033 153141 442556 999426 298803 501876 470100 181603 617418 810461 232047 468435 471270 720942 612060 681714 783607 467635 913287 436674 922838 529751 784160 367419 448349 1031206 197417 85920 679074 493045 713491 596815 981786 0 305601 
359223 416972 441397 782828 810922 423052 587303 955634 503798 664640 115584 644544 860084 633037 834074 665240 343608 229851 253370 890419 179973 205464 577067 152383 600053 637426 310034 531866 369869 455795 760291 382464 576187 162865 795451 142316 640262 675790 821118 150482 326552 966576 476071 226478 779807 441100 420923 483385 910152 305601 0 
PICKUP_AND_DELIVERY_SECTION
1 0 0 10000000 0 0 0
2 0 0 10000000 0 545793 276216
3 0 0 10000000 0 222575 323543
4 0 0 10000000 0 433652 356183
5 0 0 10000000 0 922101 818743
6 0 0 10000000 0 713974 1058628
7 0 0 10000000 0 449117 613598
8 0 0 10000000 0 837683 1205317
9 0 0 10000000 0 905547 690737
10 0 0 10000000 0 954832 1410862
11 0 0 10000000 0 391274 336439
12 0 0 10000000 0 578152 563152
13 0 0 10000000 0 443816 528196
14 0 0 10000000 0 346468 495120
15 0 0 10000000 0 521367 623456
16 0 0 10000000 0 938828 1142797
17 0 0 10000000 0 605338 705363
18 0 0 10000000 0 809083 743349
19 0 0 10000000 0 257234 258279
20 0 0 10000000 0 744017 1068717
21 0 0 10000000 0 769790 1074514
22 0 0 10000000 0 903738 782603
23 0 0 10000000 0 832096 938962
24 0 0 10000000 0 518204 553486
25 0 0 10000000 0 148622 127655
26 0 0 10000000 0 214839 226582
27 0 0 10000000 0 219530 135891
28 0 0 10000000 0 131941 139719
29 0 0 10000000 0 171279 207790
30 0 0 10000000 0 102667 147948
31 0 0 10000000 0 265687 222821
32 0 0 10000000 0 138125 206891
33 0 0 10000000 0 587662 623207
34 0 0 10000000 0 56714 37459
35 0 0 10000000 0 315348 403991
36 0 0 10000000 0 103569 59596
37 0 0 10000000 0 394997 454555
38 0 0 10000000 0 523932 415038
39 0 0 10000000 0 96358 100319
40 0 0 10000000 0 115342 90462
41 0 0 10000000 0 765202 668208
42 0 0 10000000 0 261247 133069
43 0 0 10000000 0 497289 619072
44 0 0 10000000 0 860056 590582
45 0 0 10000000 0 565769 829069
46 0 0 10000000 0 663816 564155
47 0 0 10000000 0 478683 676148
48 0 0 10000000 0 362520 399200
49 0 0 10000000 0 532415 272374
50 0 0 10000000 0 938499 1404603
51 0 0 10000000 0 848468 599128
DEPOT_SECTION
1 
-1
EOF
