NAME : SCA8-6
TYPE : VRPSPD
DIMENSION : 51
VEHICLES : 9
CAPACITY : 3025031
DISTANCE : 0
EDGE_WEIGHT_TYPE : EXPLICIT
EDGE_WEIGHT_FORMAT : FULL_MATRIX
EDGE_WEIGHT_SECTION
0 487973 436117 444495 410247 304336 452094 251377 235715 407459 436908 264268 476820 504667 337779 251453 468290 146128 508658 235288 596054 393802 313255 405331 263749 376924 166799 545329 153216 347603 391269 233730 567793 436594 348145 95169 528040 172762 370401 235854 484749 363820 518676 413962 350669 263593 184446 523611 390583 241718 108978 
487973 0 851374 234172 849397 386112 854292 724265 422161 884545 433992 752002 196382 849178 560932 236542 946977 633946 364106 713700 931497 603476 362386 847130 229028 864897 556184 355291 634655 354061 866106 428493 960021 918498 578086 552198 538524 650108 853531 655563 969353 334433 1004334 898725 220139 357504 672143 219280 317183 299638 590485 
436117 851374 0 870672 566348 495237 31682 423794 435978 205105 552490 329274 751413 151416 733258 636209 465447 357320 677874 246931 213983 342974 749254 70621 663399 320377 300671 980072 306912 783709 190388 664236 135118 245543 331371 341553 952352 408374 396030 205126 430080 799735 436892 264480 646947 503640 346096 785113 603980 670959 339401 
444495 234172 870672 0 714204 497393 881909 628449 497568 848290 591193 683692 405327 908384 372561 256023 844595 574073 558625 678018 997962 704684 181339 847459 220130 796387 573174 138883 596186 155927 833395 278516 996024 873097 668165 533423 305191 567321 763979 665554 878333 130432 915324 846824 362293 451127 608454 440102 475405 202779 552876 
410247 849397 566348 714204 0 709232 596950 176156 635197 384312 837266 246336 879867 705961 370592 628530 177888 302584 918145 348473 779917 735799 533194 498056 624001 259798 498810 748287 352015 562163 389306 437283 685446 367088 694212 420592 597677 246995 178610 479882 232292 587843 264550 334000 755203 672445 278363 927586 800662 551897 368083 
304336 386112 495237 497393 709232 0 491297 539590 77216 585172 134270 517135 256423 468024 594967 247233 735942 414717 214463 437863 547175 218025 473845 509136 285160 612009 244091 633849 381653 495721 564194 452166 587685 627407 192466 296328 716369 463230 634451 329398 737736 496355 766003 618288 166231 52284 448181 290334 111800 358082 350081 
452094 854292 31682 881909 596950 491297 0 452123 435548 236596 541262 358386 747713 120360 755929 643478 497125 380904 667649 272936 183011 327886 765290 102296 671880 351984 309370 993931 328735 799449 222049 682424 115699 276584 320173 357013 972343 433719 427359 217693 461570 814764 467991 296014 646570 502953 371706 779981 598367 683678 358935 
251377 724265 423794 628449 176156 539590 452123 0 464085 279418 664888 96848 728170 551427 353477 491875 222805 127212 751480 184545 632026 560111 457086 361611 495241 181696 322765 692653 176046 490893 275423 355249 553223 282876 518219 246402 591252 78705 135541 307760 250431 514628 287172 249842 602041 506214 102618 774988 636040 440780 193089 
235715 422161 435978 497568 635197 77216 435548 464085 0 511919 202585 439931 319437 428089 545327 241551 658759 338482 291675 361350 512847 208546 445867 443194 277862 535196 168388 629178 304464 471745 491143 409168 538426 553394 170598 219604 687516 388521 557273 258034 660618 476300 689063 543157 211091 67678 371435 357655 185642 333639 273465 
407459 884545 205105 848290 384312 585172 236596 279418 511919 0 676337 186543 827521 356368 627924 650835 262199 276009 792001 172496 413934 495449 696666 135624 668521 125167 344923 936001 254302 731942 21338 599101 305511 45811 468986 332384 862696 300486 206139 256505 224978 752641 233047 59488 708137 575270 245626 868272 696635 646476 298833 
436908 433992 552490 591193 837266 134270 541262 664888 202585 676337 0 633211 256181 488236 726681 358374 851608 538277 127565 545450 552824 219208 594264 581223 395187 719842 353098 730011 499323 612789 655005 581733 620580 720751 221240 418760 834873 590340 750646 421900 848286 610215 874071 716346 230126 183089 569413 269362 118607 478310 472548 
264268 752002 329274 683692 246336 517135 358386 96848 439931 186543 633211 0 730325 462129 441439 515598 218917 118140 731596 103370 539884 501583 521816 265528 525807 114004 280503 760797 135517 556727 180419 421609 457124 197094 462972 223043 676860 118800 117549 239216 224195 578885 256250 166709 604867 491752 79861 775351 621568 486652 171712 
476820 196382 751413 405327 879867 256423 747713 728170 319437 827521 256181 730325 0 719011 659650 264055 943106 615863 168495 667697 793108 455405 479601 762414 284820 835960 482774 538672 598545 484215 807168 511904 842630 867287 440745 509795 694754 649583 843273 576801 954493 471677 986216 853941 126213 253213 653380 48071 153982 380272 558802 
504667 849178 151416 908384 705961 468024 120360 551427 428089 356368 488236 462129 719011 0 828806 658385 615401 463283 615622 367232 91521 269225 811764 221025 690812 468593 343404 1029584 406647 844358 341009 738374 137110 396896 278266 411581 1032621 521432 541405 273755 581275 856722 588282 415626 632390 491673 461725 745373 565380 718552 427666 
337779 560932 733258 372561 370592 594967 755929 353477 545327 627924 726681 441439 659650 828806 0 399409 530554 376211 758959 490194 918584 728309 200094 683824 374896 534617 503227 381086 427277 217516 620585 149554 868337 635718 682888 421585 238398 331647 475618 555116 576154 242405 612834 603082 555123 543991 392855 706104 643308 279472 401301 
251453 236542 636209 256023 628530 247233 643478 491875 241551 650835 358374 515598 264055 658385 399409 0 713802 397494 364209 479018 746590 448920 238427 623544 37926 628367 335657 389034 399027 254692 632967 250151 754782 683500 412144 318896 476788 416048 618700 433655 734156 251961 768775 662921 156345 197964 435738 311743 255221 125131 354629 
468290 946977 465447 844595 177888 735942 497125 222805 658759 262199 851608 218917 943106 615401 530554 713802 0 327543 950384 310108 676104 708824 668217 394910 717976 149143 498544 896845 354296 700427 275141 567162 565338 229721 673238 440800 764980 297841 101497 445555 56042 725238 86685 203173 816995 709417 290750 989034 839535 662159 388103 
146128 633946 357320 574073 302584 414717 380904 127212 338482 276009 538277 118140 615863 463283 376211 397494 327543 0 627951 115684 550156 437188 420949 308445 408309 231157 196628 660136 58130 456254 262977 324766 492293 299024 394210 119518 600643 62374 227415 198049 339977 476697 373252 273316 489898 384047 38366 661588 514334 373935 65909 
508658 364106 677874 558625 918145 214463 667649 751480 291675 792001 127565 731596 168495 615622 758959 364209 950384 627951 0 651017 678631 346742 600647 703483 395894 825550 456778 695694 596107 612458 770766 609694 748144 835482 347500 510340 831640 674106 848889 535631 951899 604598 979751 828538 209673 245750 662078 162845 119473 489323 563905 
235288 713700 246931 678018 348473 437863 272936 184545 361350 172496 545450 103370 667697 367232 490194 479018 310108 115684 651017 0 449468 400790 532596 193631 496099 174710 194248 770824 82104 567887 155981 438604 380776 204826 363723 162136 716293 161603 212348 137188 302868 587315 329061 187117 545136 419662 99228 710536 546607 475582 126431 
596054 931497 213983 997962 779917 547175 183011 632026 512847 413934 552824 539884 793108 91521 918584 746590 676104 550156 678631 449468 0 338024 903227 283856 779637 533383 434858 1120205 494370 935759 401573 829779 130151 449949 354927 502710 1123923 606906 609900 364062 637199 947975 639723 473210 712960 574556 546161 816486 639138 809406 517282 
393802 603476 342974 704684 735799 218025 327886 560111 208546 495449 219208 501583 455405 269225 728309 448920 708824 437188 346742 400790 338024 0 650609 382425 485779 564646 243496 837440 384107 677973 474514 603529 401562 541224 45660 330327 890172 498354 612981 263748 693965 683704 714000 543969 383339 256015 457545 478568 301571 540656 375549 
313255 362386 749254 181339 533194 473845 765290 457086 445867 696666 594264 521816 479601 811764 200094 238427 668217 420949 600647 532596 903227 650609 0 715485 204821 631606 468369 239435 453667 35316 683925 101848 880987 716576 608224 408277 242670 403188 592143 548404 704633 57545 741840 687963 391039 421783 451597 523776 493646 116103 413968 
405331 847130 70621 847459 498056 509136 102296 361611 443194 135624 581223 265528 762414 221025 683824 623544 394910 308445 703483 193631 283856 382425 715485 0 647734 249845 290946 950427 263828 750464 120024 625849 191627 177786 363440 314038 908586 354179 326105 191569 360312 768074 368423 194673 651387 510330 291915 799053 620263 645428 301565 
263749 229028 663399 220130 624001 285160 671880 495241 277862 668521 395187 525807 284820 690812 374896 37926 717976 408309 395894 496099 779637 485779 204821 647734 0 639409 362840 351766 414925 218966 651274 227263 784207 699530 448407 338634 440803 421422 625019 459472 740998 215059 776255 677588 186434 235796 446145 331578 289853 95985 370281 
376924 864897 320377 796387 259798 612009 351984 181696 535196 125167 719842 114004 835960 468593 534617 628367 149143 231157 825550 174710 533383 564646 631606 249845 639409 0 368874 869621 237468 666185 132914 530463 429771 109611 531077 326164 772710 229289 81221 303773 129742 688973 154353 75548 711515 591670 193281 879996 719866 600356 278658 
166799 556184 300671 573174 498810 244091 309370 322765 168388 344923 353098 280503 482774 343404 503227 335657 498544 196628 456778 194248 434858 243496 468369 290946 362840 368874 0 688903 149030 500986 324449 397980 422887 385579 199218 87468 692647 256287 397735 99381 496105 513715 523175 374779 365249 230371 221992 523357 354025 377506 132789 
545329 355291 980072 138883 748287 633849 993931 692653 629178 936001 730011 760797 538672 1029584 381086 389034 896845 660136 695694 770824 1120205 837440 239435 950427 351766 869621 688903 0 690920 204259 923059 339300 1109225 955955 799404 638778 225056 642037 826510 776248 936637 183547 973899 927162 501162 586345 691031 570319 614278 311422 649930 
153216 634655 306912 596186 352015 381653 328735 176046 304464 254302 499323 135517 598545 406647 427277 399027 354296 58130 596107 82104 494370 384107 453667 263828 414925 237468 149030 690920 0 488866 238073 362174 441979 284696 342204 88831 646077 120011 252814 139925 358111 507613 388442 264074 474062 356705 73703 642792 486273 393631 44649 
347603 354061 783709 155927 562163 495721 799449 490893 471745 731942 612789 556727 484215 844358 217516 254692 700427 456254 612458 567887 935759 677973 35316 750464 218966 666185 500986 204259 488866 0 719231 135842 915131 751699 636192 442480 222112 438032 625697 582320 737656 25821 774893 722978 402977 444042 486812 526961 508789 138455 449002 
391269 866106 190388 833395 389306 564194 222049 275423 491143 21338 655005 180419 807168 341009 620585 632967 275141 262977 770766 155981 401573 474514 683925 120024 651274 132914 324449 923059 238073 719231 0 587191 297125 66758 447790 314194 854150 291083 212501 235345 240638 739568 250728 75405 688167 554729 234278 847731 675710 631216 282378 
233730 428493 664236 278516 437283 452166 682424 355249 409168 599101 581733 421609 511904 738374 149554 250151 567162 324766 609694 438604 829779 603529 101848 625849 227263 530463 397980 339300 362174 135842 587191 0 797845 617352 559096 327899 294695 302814 490298 468542 602952 159382 640139 588134 405610 400369 353491 558822 494700 133799 325284 
567793 960021 135118 996024 685446 587685 115699 553223 538426 305511 620580 457124 842630 137110 868337 754782 565338 492293 748144 380776 130151 401562 880987 191627 784207 429771 422887 1109225 441979 915131 297125 797845 0 335827 404497 472710 1087032 542379 509602 333151 522294 930364 521114 362869 748019 604832 479991 871778 690390 798651 473728 
436594 918498 245543 873097 367088 627407 276584 282876 553394 45811 720751 197094 867287 396896 635718 683500 229721 299024 835482 204826 449949 541224 716576 177786 699530 109611 385579 955955 284696 751699 66758 617352 335827 0 514503 366804 872571 315235 189141 299869 187354 773210 191412 34178 746720 615841 265489 908676 738590 672539 329301 
348145 578086 331371 668165 694212 192466 320173 518219 170598 468986 221240 462972 440745 278266 682888 412144 673238 394210 347500 363723 354927 45660 608224 363440 448407 531077 199218 799404 342204 636192 447790 559096 404497 514503 0 285574 846905 454936 576039 227796 660763 642654 682242 514913 358605 224239 415853 467810 287200 499528 331750 
95169 552198 341553 533423 420592 296328 357013 246402 219604 332384 418760 223043 509795 411581 421585 318896 440800 119518 510340 162136 502710 330327 408277 314038 338634 326164 87468 638778 88831 442480 314194 327899 472710 366804 285574 0 621351 174356 339389 140805 446592 458197 477212 348900 385570 268763 151858 553965 398758 331521 53914 
528040 538524 952352 305191 597677 716369 972343 591252 687516 862696 834873 676860 694754 1032621 238398 476788 764980 600643 831640 716293 1123923 890172 242670 908586 440803 772710 692647 225056 646077 222112 854150 294695 1087032 872571 846905 621351 0 563184 713819 761366 812369 227152 848694 840309 622982 664374 622267 734424 730366 358304 613413 
172762 650108 408374 567321 246995 463230 433719 78705 388521 300486 590340 118800 649583 521432 331647 416048 297841 62374 674106 161603 606906 498354 403188 354179 421422 229289 256287 642037 120011 438032 291083 302814 542379 315235 454936 174356 563184 0 203669 259743 319767 460360 355419 285433 523427 428545 62403 696343 558090 373393 123555 
370401 853531 396030 763979 178610 634451 427359 135541 557273 206139 750646 117549 843273 541405 475618 618700 101497 227415 848889 212348 609900 612981 592143 326105 625019 81221 397735 826510 252814 625697 212501 490298 509602 189141 576039 339389 713819 203669 0 349234 116148 649658 152246 155657 717310 608081 190054 888921 738146 574987 286886 
235854 655563 205126 665554 479882 329398 217693 307760 258034 256505 421900 239216 576801 273755 555116 433655 445555 198049 535631 137188 364062 263748 548404 191569 459472 303773 99381 776248 139925 582320 235345 468542 333151 299869 227796 140805 761366 259743 349234 0 433515 597260 456204 294449 462158 323595 207000 615682 441129 466257 154428 
484749 969353 430080 878333 232292 737736 461570 250431 660618 224978 848286 224195 954493 581275 576154 734156 56042 339977 951899 302868 637199 693965 704633 360312 740998 129742 496105 936637 358111 737656 240638 602952 522294 187354 660763 446592 812369 319767 116148 433515 0 762014 37266 165650 828941 714766 301854 999545 844053 690843 395881 
363820 334433 799735 130432 587843 496355 814764 514628 476300 752641 610215 578885 471677 856722 242405 251961 725238 476697 604598 587315 947975 683704 57545 768074 215059 688973 513715 183547 507613 25821 739568 159382 930364 773210 642654 458197 227152 460360 649658 597260 762014 0 799232 744842 395830 445190 507976 513397 503708 143125 467014 
518676 1004334 436892 915324 264550 766003 467991 287172 689063 233047 874071 256250 986216 588282 612834 768775 86685 373252 979751 329061 639723 714000 741840 368423 776255 154353 523175 973899 388442 774893 250728 640139 521114 191412 682242 477212 848694 355419 152246 456204 37266 799232 0 175509 860968 744527 334960 1030924 873294 727229 427421 
413962 898725 264480 846824 334000 618288 296014 249842 543157 59488 716346 166709 853941 415626 603082 662921 203173 273316 828538 187117 473210 543969 687963 194673 677588 75548 374779 927162 264074 722978 75405 588134 362869 34178 514913 348900 840309 285433 155657 294449 165650 744842 175509 0 732008 604047 238384 896181 728769 647247 308307 
350669 220139 646947 362293 755203 166231 646570 602041 211091 708137 230126 604867 126213 632390 555123 156345 816995 489898 209673 545136 712960 383339 391039 651387 186434 711515 365249 501162 474062 402977 688167 405610 748019 746720 358605 385570 622982 523427 717310 462158 828941 395830 860968 732008 0 143625 527535 173023 113118 280849 433613 
263593 357504 503640 451127 672445 52284 502953 506214 67678 575270 183089 491752 253213 491673 543991 197964 709417 384047 245750 419662 574556 256015 421783 510330 235796 591670 230371 586345 356705 444042 554729 400369 604832 615841 224239 268763 664374 428545 608081 323595 714766 445190 744527 604047 143625 0 419268 293004 130297 306158 321372 
184446 672143 346096 608454 278363 448181 371706 102618 371435 245626 569413 79861 653380 461725 392855 435738 290750 38366 662078 99228 546161 457545 451597 291915 446145 193281 221992 691031 73703 486812 234278 353491 479991 265489 415853 151858 622267 62403 190054 207000 301854 507976 334960 238384 527535 419268 0 698910 549540 409491 98174 
523611 219280 785113 440102 927586 290334 779981 774988 357655 868272 269362 775351 48071 745373 706104 311743 989034 661588 162845 710536 816486 478568 523776 799053 331578 879996 523357 570319 642792 526961 847731 558822 871778 908676 467810 553965 734424 696343 888921 615682 999545 513397 1030924 896181 173023 293004 698910 0 181727 426633 603678 
390583 317183 603980 475405 800662 111800 598367 636040 185642 696635 118607 621568 153982 565380 643308 255221 839535 514334 119473 546607 639138 301571 493646 620263 289853 719866 354025 614278 486273 508789 675710 494700 690390 738590 287200 398758 730366 558090 738146 441129 844053 503708 873294 728769 113118 130297 549540 181727 0 379512 451584 
241718 299638 670959 202779 551897 358082 683678 440780 333639 646476 478310 486652 380272 718552 279472 125131 662159 373935 489323 475582 809406 540656 116103 645428 95985 600356 377506 311422 393631 138455 631216 133799 798651 672539 499528 331521 358304 373393 574987 466257 690843 143125 727229 647247 280849 306158 409491 426633 379512 0 350156 
108978 590485 339401 552876 368083 350081 358935 193089 273465 298833 472548 171712 558802 427666 401301 354629 388103 65909 563905 126431 517282 375549 413968 301565 370281 278658 132789 649930 44649 449002 282378 325284 473728 329301 331750 53914 613413 123555 286886 154428 395881 467014 427421 308307 433613 321372 98174 603678 451584 350156 0 
PICKUP_AND_DELIVERY_SECTION
1 0 0 10000000 0 0 0
2 0 0 10000000 0 683287 969914
3 0 0 10000000 0 71582 51961
4 0 0 10000000 0 49366 71357
5 0 0 10000000 0 784354 984852
6 0 0 10000000 0 444053 551984
7 0 0 10000000 0 938685 1085090
8 0 0 10000000 0 265749 363584
9 0 0 10000000 0 639165 702793
10 0 0 10000000 0 238785 134643
11 0 0 10000000 0 448567 289319
12 0 0 10000000 0 289370 234304
13 0 0 10000000 0 895918 458294
14 0 0 10000000 0 517768 643470
15 0 0 10000000 0 451656 301728
16 0 0 10000000 0 273781 156530
17 0 0 10000000 0 742603 375340
18 0 0 10000000 0 988345 674732
19 0 0 10000000 0 834229 1052751
20 0 0 10000000 0 384330 547070
21 0 0 10000000 0 791750 417759
22 0 0 10000000 0 926958 977835
23 0 0 10000000 0 938500 902448
24 0 0 10000000 0 641946 681816
25 0 0 10000000 0 211363 198489
26 0 0 10000000 0 549757 823067
27 0 0 10000000 0 687595 431543
28 0 0 10000000 0 969806 731235
29 0 0 10000000 0 52167 68606
30 0 0 10000000 0 32598 40155
31 0 0 10000000 0 186136 169179
32 0 0 10000000 0 46541 29455
33 0 0 10000000 0 546090 705196
34 0 0 10000000 0 238752 191610
35 0 0 10000000 0 188152 237654
36 0 0 10000000 0 16334 14796
37 0 0 10000000 0 780264 959315
38 0 0 10000000 0 319617 198488
39 0 0 10000000 0 96615 104960
40 0 0 10000000 0 558968 400229
41 0 0 10000000 0 153017 106341
42 0 0 10000000 0 693566 668938
43 0 0 10000000 0 914312 1067812
44 0 0 10000000 0 319977 441746
45 0 0 10000000 0 375998 302377
46 0 0 10000000 0 318682 314416
47 0 0 10000000 0 34189 38867
48 0 0 10000000 0 803384 625911
49 0 0 10000000 0 530853 662406
50 0 0 10000000 0 639137 368942
51 0 0 10000000 0 695610 798205
DEPOT_SECTION
1 
-1
EOF
