NAME : SCA8-9
TYPE : VRPSPD
DIMENSION : 51
VEHICLES : 9
CAPACITY : 2826917
DISTANCE : 0
EDGE_WEIGHT_TYPE : EXPLICIT
EDGE_WEIGHT_FORMAT : FULL_MATRIX
EDGE_WEIGHT_SECTION
0 516930 289740 367628 430505 510876 458479 342505 464577 417005 456129 576312 372034 421364 537138 509334 325151 440901 220472 546829 358191 424058 421481 443285 269493 481333 216773 368841 286394 288594 478413 88976 407146 165919 589603 618418 451833 431653 456989 263386 397513 498656 162034 350749 112881 661595 518549 301371 524174 174946 489532 
516930 0 577319 881014 218836 1008636 798265 697497 221997 173088 535109 335498 164209 357172 1043023 935501 826352 610255 441746 352605 759466 724616 917551 927910 633775 646251 514062 493684 486079 267720 490524 600282 115904 593315 175043 931048 350234 116571 84602 628451 204880 257161 663352 483038 406965 997582 930423 809756 103796 682004 30241 
289740 577319 0 519643 599538 499794 741063 628011 632993 414154 209617 769440 414645 289521 549049 366286 522389 158911 142594 751985 631654 158125 417616 407329 81496 195511 501506 639097 561540 466184 735696 274437 465431 451510 713720 900057 671085 545367 556347 80362 382283 420195 264029 620193 325496 936962 356768 486043 633214 398245 547238 
367628 881014 519643 0 761389 282180 419787 370878 792388 783134 728618 873857 739660 756929 268028 448914 85802 670363 541319 835437 308475 562002 241168 288298 446595 697687 434740 581611 510893 632314 698784 296522 773795 319117 932231 537019 737064 787141 815183 444841 761782 854855 263279 570891 474199 538740 477347 77054 876174 199748 854598 
430505 218836 599538 761389 0 941170 601491 512119 34674 304782 632588 172448 245840 475666 965316 919530 693228 683522 457839 165762 582158 757525 851984 872858 631652 725079 344592 283678 294805 143780 271848 519413 212702 447393 174012 723671 132912 112207 138006 625405 323429 425265 592199 276006 321552 792484 922175 685286 143812 564615 215294 
510876 1008636 499794 282180 941170 0 700960 641424 975059 873396 693428 1080177 848998 785812 57200 232885 362805 608550 589875 1046880 586352 456653 91102 93197 419200 619653 659674 819884 740587 799422 938953 421900 893334 544425 1099181 817860 948793 936953 959474 421626 845256 909558 350507 805943 622175 814875 265653 337223 1030498 405096 979231 
458479 798265 741063 419787 601491 700960 0 117772 619285 784439 914075 633260 719865 855530 687114 833675 338416 896955 675544 589014 121084 852602 647351 691851 700849 936017 299501 323646 312199 536839 402289 470736 727925 292561 766318 159946 509001 682355 714761 695855 778915 896537 510272 327373 487458 209652 856514 367619 744471 365238 782231 
342505 697497 628011 370878 512119 641424 117772 0 533888 672276 797225 569502 608936 738138 636393 748794 285089 782534 558246 526233 78277 745644 577177 618833 592045 822198 187633 253045 217314 431766 355262 361896 620283 176961 682654 277049 436778 583188 615520 586779 665279 782107 408751 250689 370185 326568 769162 304828 652202 269050 679457 
464577 221997 632993 792388 34674 975059 619285 533888 0 325697 661285 142375 270106 501175 998763 954187 723077 714387 491034 141774 605500 790877 886018 907172 665949 755671 371436 297856 317075 178401 271844 553430 232865 476912 148824 736528 130384 127275 147442 659715 346472 443537 626383 292110 356021 806274 956771 716044 134352 596412 223160 
417005 173088 414154 783134 304782 873396 784439 672276 325697 0 362954 463588 67878 186941 912848 778227 741380 437233 287619 467465 721125 555913 783202 787781 477650 473188 485265 520828 485215 261616 555890 488819 92858 533599 338096 932399 430370 199779 189890 472876 32459 124055 541491 505512 323025 992578 770528 718373 256943 591514 145521 
456129 535109 209617 728618 632588 693428 914075 797225 661285 362954 0 803660 397527 179048 745906 521103 727056 97540 240139 797451 813331 258212 617158 600260 287920 118699 643443 753469 686597 527848 830073 466969 444926 621735 699877 1073983 735006 547118 545861 288138 332617 306548 469605 734786 446402 1117633 501602 691766 617854 594444 508356 
576312 335498 769440 873857 172448 1080177 633260 569502 142375 463588 803660 0 411137 642439 1098824 1078322 797771 855953 628590 44286 646492 927565 993409 1018520 797325 897453 439521 316549 367846 305255 236722 663288 371020 554876 189164 725138 137267 263869 276830 790984 486250 577197 737595 319479 475083 797525 1083078 796807 232570 686261 345272 
372034 164209 414645 739660 245840 848998 719865 608936 270106 67878 397527 411137 0 231303 885399 771305 692939 461672 277641 410930 660252 564825 758081 766520 469604 500506 421434 452950 418284 193778 489659 449797 51086 476386 306739 866424 367090 149883 149456 464261 78341 191257 508195 437661 270355 927359 766427 672135 224375 544276 133972 
421364 357172 289521 756929 475666 785812 855530 738138 501175 186941 179048 642439 231303 0 832603 650592 734823 263134 215611 641329 770623 403283 700366 694414 367530 294437 562995 642201 587745 393291 701020 465470 274353 573945 525032 1012364 590263 380208 374774 364623 158745 135895 495439 624579 368089 1064695 637023 704613 443804 588089 331225 
537138 1043023 549049 268028 965316 57200 687114 636393 998763 912848 745906 1098824 885399 832603 0 289249 352583 662550 632354 1064091 576388 512370 132245 146849 467865 674763 670916 828422 751205 825219 947404 448659 928404 554108 1126743 795791 965509 967028 990690 469877 885494 954022 380443 815403 649658 788136 321962 332097 1060224 415859 1013966 
509334 935501 366286 448914 919530 232885 833675 748794 954187 778227 521103 1078322 771305 650592 289249 0 509131 426395 493873 1052173 712757 264033 213350 167620 301775 425995 707357 869094 785663 776516 983731 431467 820748 607475 1056669 971792 959459 887646 903787 307051 746853 784365 360793 852198 603319 982506 32780 473424 979704 481331 905259 
325151 826352 522389 85802 693228 362805 338416 285089 723077 741380 727056 797771 692939 734823 352583 509131 0 678792 520990 758349 224113 587721 311256 357063 456825 710033 358394 499893 431935 569938 616089 269588 723249 246256 865877 464436 660573 727286 756546 453934 722592 822550 258367 489990 423172 473510 535276 38754 813873 150217 801185 
440901 610255 158911 670363 683522 608550 896955 782534 714387 437233 97540 855953 461672 263134 662550 426395 678792 0 247226 845335 789335 162450 536762 515872 223839 43184 644817 770397 697487 565654 857251 433048 511505 605580 768148 1056440 774814 608169 611084 225910 405395 396472 421010 751447 455637 1094806 405734 641800 685719 557140 582082 
220472 441746 142594 541319 457839 589875 675544 558246 491034 287619 240139 628590 277641 215611 632354 493873 520990 247226 0 612713 578517 299932 500943 502167 192097 290355 404188 523394 451826 327645 610763 251438 327574 384154 572072 835266 535239 403302 415355 186882 257675 323296 280367 504462 209734 880883 488812 489860 492158 376643 411507 
546829 352605 751985 835437 165762 1046880 589014 526233 141774 467465 797451 44286 410930 641329 1064091 1052173 758349 845335 612713 0 603452 909947 960957 987301 775896 887375 400707 273190 327196 285814 192925 632667 374639 516943 220891 681398 98790 268697 286222 769505 487875 584873 707104 276776 449219 753713 1058023 758440 252537 650098 358900 
358191 759466 631654 308475 582158 586352 121084 78277 605500 721125 813331 646492 660252 770623 576388 712757 224113 789335 578517 603452 0 736435 528941 572784 586609 827159 245403 330423 288554 491932 433510 358145 675988 196732 754291 271530 512752 647024 679103 581884 711308 825700 392258 327132 407063 305493 735459 250068 720015 246244 739818 
424058 724616 158125 562002 757525 456653 852602 745644 790877 555913 258212 927565 564825 403283 512370 264033 587721 162450 299932 909947 736435 0 393133 365936 155306 164476 640681 786608 706596 624133 887631 383815 615907 574036 867873 1007961 828134 700556 709848 161149 523478 539169 345239 767894 477630 1036887 243453 549102 786590 491406 694937 
421481 917551 417616 241168 851984 91102 647351 577177 886018 783202 617158 993409 758081 700366 132245 213350 311256 536762 500943 960957 528941 393133 0 47282 336247 552033 578921 740664 659962 709759 859433 332587 802280 465781 1008837 775099 863304 846140 868503 338076 755341 822037 260304 726007 532152 779634 244184 279765 939722 327184 888161 
443285 927910 407329 288298 872858 93197 691851 618833 907172 787781 600260 1018520 766520 694414 146849 167620 357063 515872 502167 987301 572784 365936 47282 0 327166 527948 611566 774078 692456 729700 892381 355325 812157 500568 1026065 821298 890366 861318 882429 329838 758955 819616 281284 758895 551575 826555 199106 324651 954989 363466 898196 
269493 633775 81496 446595 631652 419200 700849 592045 665949 477650 287920 797325 469604 367530 467865 301775 456825 223839 192097 775896 586609 155306 336247 327166 0 253258 486267 634973 553937 492088 739157 230351 519240 419195 759137 857686 689295 589814 604283 6448 446723 495179 201704 616432 332384 889720 297404 419305 680708 344690 603533 
481333 646251 195511 697687 725079 619653 936017 822198 755671 473188 118699 897453 500506 294437 674763 425995 710033 43184 290355 887375 827159 164476 552033 527948 253258 0 686862 813415 740240 608379 900434 469790 549872 645335 806426 1095245 817533 647955 649955 256107 441736 424786 453531 794461 498512 1132472 402803 672563 724023 592331 618520 
216773 514062 501506 434740 344592 659674 299501 187633 371436 485265 643443 439521 421434 562995 670916 707357 358394 644817 404188 400707 245403 640681 578921 611566 486267 686862 0 162895 81043 246591 280815 277569 432985 117357 518552 451556 302466 402009 433966 480155 479418 597194 346569 147332 198723 508556 720793 357767 477760 255224 494582 
368841 493684 639097 581611 283678 819884 323646 253045 297856 520828 753469 316549 452950 642201 828422 869094 499893 770397 523394 273190 330423 786608 740664 774078 634973 813415 162895 0 83476 259375 119095 438025 445702 275466 443306 440009 186171 377553 409106 628658 525171 643252 508557 18969 315443 508921 881676 506023 427452 414797 482699 
286394 486079 561540 510893 294805 740587 312199 217314 317075 485215 686597 367846 418284 587745 751205 785663 431935 697487 451826 327196 288554 706596 659962 692456 553937 740240 81043 83476 0 228009 200010 354549 420185 197107 465899 449904 230831 370181 402594 547670 484778 603887 425213 66762 242124 513703 798200 434298 435391 335854 470440 
288594 267720 466184 632314 143780 799422 536839 431766 178401 261616 527848 305255 193778 393291 825219 776516 569938 565654 327645 285814 491932 624133 709759 729700 492088 608379 246591 259375 228009 0 307767 377553 192178 329500 302569 677907 209160 158772 189678 485754 266134 383896 449588 243898 178130 741187 779838 557779 244108 433043 248035 
478413 490524 735696 698784 271848 938953 402289 355262 271844 555890 830073 236722 489659 701020 947404 983731 616089 857251 610763 192925 433510 887631 859433 892381 739157 900434 280815 119095 200010 307767 0 552272 470196 394528 399189 488474 141461 381570 409462 732754 566797 679895 624094 133493 410412 560814 995194 623730 405830 533859 486686 
88976 600282 274437 296522 519413 421900 470736 361896 553430 488819 466969 663288 449797 465470 448659 431467 269588 433048 251438 632667 358145 383815 332587 355325 230351 469790 277569 438025 354549 377553 552272 0 488224 191845 678216 628286 536498 518880 543388 225230 466274 558504 74443 420913 201009 662972 443660 239286 611819 127701 572176 
407146 115904 465431 773795 212702 893334 727925 620283 232865 92858 444926 371020 51086 274353 928404 820748 723249 511505 327574 374639 675988 615907 802280 812157 519240 549872 432985 445702 420185 192178 470196 488224 0 498567 256644 870086 340573 107157 100979 513808 115990 212822 549462 431798 300400 933175 816354 704371 174215 576278 86041 
165919 593315 451510 319117 447393 544425 292561 176961 476912 533599 621735 554876 476386 573945 554108 607475 246256 605580 384154 516943 196732 574036 465781 500568 419195 645335 117357 275466 197107 329500 394528 191845 498567 0 620589 452503 418344 488228 518744 413664 521065 632957 250246 261653 213197 496732 623724 242070 571633 139331 570341 
589603 175043 713720 932231 174012 1099181 766318 682654 148824 338096 699877 189164 306739 525032 1126743 1056669 865877 768148 572072 220891 754291 867873 1008837 1026065 759137 806426 518552 443306 465899 302569 399189 678216 256644 620589 0 878476 263452 169323 158248 753255 367421 432097 748676 438970 477259 949198 1055679 856662 82429 733998 195961 
618418 931048 900057 537019 723671 817860 159946 277049 736528 932399 1073983 725138 866424 1012364 795791 971792 464436 1056440 835266 681398 271530 1007961 775099 821298 857686 1095245 451556 440009 449904 677907 488474 628286 870086 452503 878476 0 615274 814478 846558 852859 929060 1047589 663643 448769 644475 72780 996579 498703 867402 517427 917707 
451833 350234 671085 737064 132912 948793 509001 436778 130384 430370 735006 137267 367090 590263 965509 959459 660573 774814 535239 98790 512752 828134 863304 890366 689295 817533 302466 186171 230831 209160 141461 536498 340573 418344 263452 615274 0 244750 270842 682862 445415 553119 610922 186160 358742 686303 966445 660037 264441 551320 348091 
431653 116571 545367 787141 112207 936953 682355 583188 127275 199779 547118 263869 149883 380208 967028 887646 727286 608169 403302 268697 647024 700556 846140 861318 589814 647955 402009 377553 370181 158772 381570 518880 107157 488228 169323 814478 244750 0 32417 583932 222732 316275 587019 366615 318855 881054 886411 713652 93673 587399 106158 
456989 84602 556347 815183 138006 959474 714761 615520 147442 189890 545861 276830 149456 374774 990690 903787 756546 611084 415355 286222 679103 709848 868503 882429 604283 649955 433966 409106 402594 189678 409462 543388 100979 518744 158248 846558 270842 32417 0 598537 216048 300367 610311 398441 344572 913273 901513 742191 76867 615456 77293 
263386 628451 80362 444841 625405 421626 695855 586779 659715 472876 288138 790984 464261 364623 469877 307051 453934 225910 186882 769505 581884 161149 338076 329838 6448 256107 480155 628658 547670 485754 732754 225230 513808 413664 753255 852859 682862 583932 598537 0 442044 491648 198102 610109 325936 885228 303047 416546 674923 340454 598210 
397513 204880 382283 761782 323429 845256 778915 665279 346472 32459 332617 486250 78341 158745 885494 746853 722592 405395 257675 487875 711308 523478 755341 758955 446723 441736 479418 525171 484778 266134 566797 466274 115990 521065 367421 929060 445415 222732 216048 442044 0 119109 516579 509185 308631 987832 738833 698473 285679 572434 176794 
498656 257161 420195 854855 425265 909558 896537 782107 443537 124055 306548 577197 191257 135895 954022 784365 822550 396472 323296 584873 825700 539169 822037 819616 495179 424786 597194 643252 603887 383896 679895 558504 212822 632957 432097 1047589 553119 316275 300367 491648 119109 0 599993 627531 419766 1105751 771690 795858 356334 672654 237611 
162034 663352 264029 263279 592199 350507 510272 408751 626383 541491 469605 737595 508195 495439 380443 360793 258367 421010 280367 707104 392258 345239 260304 281284 201704 453531 346569 508557 425213 449588 624094 74443 549462 250246 748676 663643 610922 587019 610311 198102 516579 599993 0 491876 271850 691657 374933 222317 680422 146327 634581 
350749 483038 620193 570891 276006 805943 327373 250689 292110 505512 734786 319479 437661 624579 815403 852198 489990 751447 504462 276776 327132 767894 726007 758895 616432 794461 147332 18969 66762 243898 133493 420913 431798 261653 438970 448769 186160 366615 398441 610109 509185 627531 491876 0 296474 516801 864488 494903 419765 400895 471161 
112881 406965 325496 474199 321552 622175 487458 370185 356021 323025 446402 475083 270355 368089 649658 603319 423172 455637 209734 449219 407063 477630 532152 551575 332384 498512 198723 315443 242124 178130 410412 201009 300400 213197 477259 644475 358742 318855 344572 325936 308631 419766 271850 296474 0 696746 608803 404009 411292 275928 380399 
661595 997582 936962 538740 792484 814875 209652 326568 806274 992578 1117633 797525 927359 1064695 788136 982506 473510 1094806 880883 753713 305493 1036887 779634 826555 889720 1132472 508556 508921 513703 741187 560814 662972 933175 496732 949198 72780 686303 881054 913273 885228 987832 1105751 691657 516801 696746 0 1008784 510076 936294 545719 983385 
518549 930423 356768 477347 922175 265653 856514 769162 956771 770528 501602 1083078 766427 637023 321962 32780 535276 405734 488812 1058023 735459 243453 244184 199106 297404 402803 720793 881676 798200 779838 995194 443660 816354 623724 1055679 996579 966445 886411 901513 303047 738833 771690 374933 864488 608803 1008784 0 498996 977803 500696 900196 
301371 809756 486043 77054 685286 337223 367619 304828 716044 718373 691766 796807 672135 704613 332097 473424 38754 641800 489860 758440 250068 549102 279765 324651 419305 672563 357767 506023 434298 557779 623730 239286 704371 242070 856662 498703 660037 713652 742191 416546 698473 795858 222317 494903 404009 510076 498996 0 801852 128093 783887 
524174 103796 633214 876174 143812 1030498 744471 652202 134352 256943 617854 232570 224375 443804 1060224 979704 813873 685719 492158 252537 720015 786590 939722 954989 680708 724023 477760 427452 435391 244108 405830 611819 174215 571633 82429 867402 264441 93673 76867 674923 285679 356334 680422 419765 411292 936294 977803 801852 0 676657 118745 
174946 682004 398245 199748 564615 405096 365238 269050 596412 591514 594444 686261 544276 588089 415859 481331 150217 557140 376643 650098 246244 491406 327184 363466 344690 592331 255224 414797 335854 433043 533859 127701 576278 139331 733998 517427 551320 587399 615456 340454 572434 672654 146327 400895 275928 545719 500696 128093 676657 0 655965 
489532 30241 547238 854598 215294 979231 782231 679457 223160 145521 508356 345272 133972 331225 1013966 905259 801185 582082 411507 358900 739818 694937 888161 898196 603533 618520 494582 482699 470440 248035 486686 572176 86041 570341 195961 917707 348091 106158 77293 598210 176794 237611 634581 471161 380399 983385 900196 783887 118745 655965 0 
PICKUP_AND_DELIVERY_SECTION
1 0 0 10000000 0 0 0
2 0 0 10000000 0 270805 183952
3 0 0 10000000 0 524561 476898
4 0 0 10000000 0 202224 115908
5 0 0 10000000 0 197595 227726
6 0 0 10000000 0 253816 244187
7 0 0 10000000 0 469981 369760
8 0 0 10000000 0 981551 569613
9 0 0 10000000 0 438311 477432
10 0 0 10000000 0 386926 504966
11 0 0 10000000 0 276688 356815
12 0 0 10000000 0 155716 202862
13 0 0 10000000 0 539612 295328
14 0 0 10000000 0 3868 3101
15 0 0 10000000 0 660789 826866
16 0 0 10000000 0 268922 136695
17 0 0 10000000 0 330808 491196
18 0 0 10000000 0 450559 626677
19 0 0 10000000 0 103244 153659
20 0 0 10000000 0 463391 677648
21 0 0 10000000 0 725870 821888
22 0 0 10000000 0 857298 1275760
23 0 0 10000000 0 619288 905472
24 0 0 10000000 0 270720 292388
25 0 0 10000000 0 23140 16166
26 0 0 10000000 0 545003 637477
27 0 0 10000000 0 283400 170552
28 0 0 10000000 0 456211 305128
29 0 0 10000000 0 409503 413293
30 0 0 10000000 0 242805 208699
31 0 0 10000000 0 424789 296580
32 0 0 10000000 0 321293 394487
33 0 0 10000000 0 670806 401644
34 0 0 10000000 0 692638 953327
35 0 0 10000000 0 569740 750403
36 0 0 10000000 0 278039 254306
37 0 0 10000000 0 624463 620339
38 0 0 10000000 0 932562 1057941
39 0 0 10000000 0 95844 91107
40 0 0 10000000 0 228090 210036
41 0 0 10000000 0 989572 1216988
42 0 0 10000000 0 396609 237610
43 0 0 10000000 0 663243 927814
44 0 0 10000000 0 940214 1221267
45 0 0 10000000 0 945311 744669
46 0 0 10000000 0 354084 204084
47 0 0 10000000 0 367671 354421
48 0 0 10000000 0 480792 358359
49 0 0 10000000 0 535539 556490
50 0 0 10000000 0 537223 717432
51 0 0 10000000 0 154184 126957
DEPOT_SECTION
1 
-1
EOF
