NAME : SCA8-0
TYPE : VRPSPD
DIMENSION : 51
VEHICLES : 9
CAPACITY : 3088820
DISTANCE : 0
EDGE_WEIGHT_TYPE : EXPLICIT
EDGE_WEIGHT_FORMAT : FULL_MATRIX
EDGE_WEIGHT_SECTION
0 154923 390007 485377 531480 496366 176354 366668 453378 501153 334583 392949 527318 57833 429568 419192 295384 565229 98301 358727 178912 210267 213081 664526 344906 479001 166229 494307 302580 197173 416503 589887 404993 226686 222471 138573 296175 316535 275330 477923 381799 366578 367476 232457 350193 424980 494287 533366 250145 424202 305801 
154923 0 534931 599842 686358 341561 328858 500289 600667 656029 453532 240618 678025 203774 584180 390241 186516 711758 199469 294942 44501 348889 262339 702556 255423 536303 17607 634770 234939 342693 571239 623003 378045 357332 359396 204430 436915 309799 299969 632427 530387 499753 276242 167964 210772 529260 532560 387190 393331 349742 152349 
390007 534931 0 203253 248843 869514 218996 80267 329943 227988 428886 751503 336723 366531 206305 749892 683350 404928 341608 581498 566461 187052 517219 563346 724937 673365 541196 404867 554451 307401 150006 523115 735746 186628 340959 468167 326466 643969 581878 235108 34260 82682 628835 516011 739555 217725 450387 866982 311289 641899 672503 
485377 599842 203253 0 430110 902506 353994 148548 533025 415833 617336 775309 533617 484701 407383 890395 774583 602885 403449 540362 639823 285076 660633 377129 829556 855024 600220 608010 534396 474102 350356 352870 875970 261277 513626 598321 516142 783663 727924 430342 237510 146952 600504 521683 810369 80926 303298 861590 492147 587632 710309 
531480 686358 248843 430110 0 1027387 364558 329074 182199 30329 384690 922929 125846 485961 104290 780654 791949 191180 523409 803075 706112 383009 568882 804603 813030 617286 697507 241526 766684 362829 121746 769566 768167 398678 370412 549960 307063 685971 619642 60789 222425 331498 841796 715748 867281 462978 699102 1055995 328465 867235 836812 
496366 341561 869514 902506 1027387 0 669856 825748 931147 997063 757442 129108 1012347 542210 924635 507616 289067 1040000 527963 417109 322620 682495 532049 893722 329936 755184 331827 956112 389975 676111 912798 815459 503821 685639 685519 506571 763433 496459 530980 972624 867993 824834 352984 382426 194759 824597 745306 167078 723405 419049 197115 
176354 328858 218996 353994 364558 669856 0 213975 324493 334551 294835 560311 382975 147551 267642 540622 465393 433299 160767 455951 355254 77637 308518 621322 505949 512082 338032 382979 412018 131128 245303 558095 526261 109020 173717 252163 209768 433752 375387 316032 206992 214654 485996 354950 525962 314321 465709 691436 168730 522601 475730 
366668 500289 80267 148548 329074 825748 213975 0 398313 307774 468839 703759 413103 354867 280548 754572 661867 480283 301371 513727 535825 156524 522439 488154 710139 706902 504226 472336 491467 327460 226007 444797 740203 143004 366135 464904 367865 647685 589164 313033 109056 2442 564608 459730 709493 142447 370392 810820 343688 571884 628965 
453378 600667 329943 533025 182199 931147 324493 398313 0 166548 216294 841163 88306 398369 129988 620341 670372 111925 479165 779358 610208 377132 428570 885121 678594 436883 614839 75050 732792 258018 185735 836217 608870 403554 245808 428771 168481 533773 468844 132147 295770 400613 805239 670883 754758 540607 753009 985983 208053 846265 752660 
501153 656029 227988 415833 30329 997063 334551 307774 166548 0 361357 892655 124592 455689 74660 754470 762278 193327 493699 774888 675828 354581 540757 787948 784050 597411 667187 231535 737856 333316 93268 750644 741842 371089 341938 520583 280400 658810 592453 36087 199640 310213 812925 686332 837242 444353 678166 1025970 300055 839318 806504 
334583 453532 428886 617336 384690 757442 294835 468839 216294 361357 0 684949 303957 277813 296495 404206 479507 304228 400482 692346 450159 371207 229577 915873 476050 246887 470174 209618 637046 166219 331786 852838 392919 402816 124907 254225 102423 321024 258112 325525 398304 470505 701562 566994 569996 596006 759955 837388 128424 758355 597623 
392949 240618 751503 775309 922929 129108 560311 703759 841163 892655 684949 0 918569 444193 822030 504694 260496 952069 410695 292880 235055 565279 471375 769801 323636 722372 227217 873529 261757 583259 805396 690798 497484 565829 598624 430774 676506 466562 485957 870507 752308 702721 231282 254105 183274 696864 618141 154859 633549 303666 88582 
527318 678025 336723 533617 125846 1012347 382975 413103 88306 124592 303957 918569 0 474392 133652 708161 755967 69566 542480 838244 690246 423973 516109 900044 765971 515903 691465 122591 794972 336423 187164 857718 696806 446761 329216 513366 253531 622078 557129 103348 304547 415525 868759 736365 838950 554181 779970 1060632 289547 904537 830368 
57833 203774 366531 484701 485961 542210 147551 354867 398369 455689 277813 444193 474392 0 382653 406784 318902 509994 134203 414611 220186 200590 183979 695156 358490 435568 217080 437314 359312 140824 374778 622977 392368 223578 164666 114749 238927 300718 250414 430482 353794 355161 425064 289779 384520 431600 527195 587614 193283 480542 356104 
429568 584180 206305 407383 104290 924635 267642 280548 129988 74660 296495 822030 133652 382653 0 683121 687691 199765 428215 716406 602830 297294 466929 768444 709492 538408 595791 204257 676522 258662 57076 724626 670286 317646 267870 445922 209313 586108 519760 48598 173048 282952 751237 622089 763113 422418 646337 957607 226108 781853 735321 
419192 390241 749892 890395 780654 507616 540622 754572 620341 754470 404206 504694 708161 406784 683121 0 246415 704121 516325 682150 350860 605331 232919 1076479 181983 274111 404401 607412 623165 446401 703704 999125 14426 629989 421708 292292 474134 106910 168406 720001 728701 755211 652736 558152 324990 838261 904991 648699 461054 731092 446297 
295384 186516 683350 774583 791949 289067 465393 661867 670372 762278 479507 260496 755967 318902 687691 246415 0 774442 371392 453026 142129 505612 250102 887227 74514 468834 194074 685129 397273 429229 688281 807297 238178 520646 427590 243394 502467 209937 242102 733201 672309 661722 415303 341199 94399 707936 718062 409807 468671 495087 200418 
565229 711758 404928 602885 191180 1040000 433299 480283 111925 193327 304228 952069 69566 509994 199765 704121 774442 0 589888 889098 720154 480860 528372 967948 777891 490866 726130 96856 843464 369392 254971 924307 693704 505399 354697 535242 276645 625149 562245 172829 372287 482690 916274 782250 860853 621935 845118 1097558 318521 955848 863512 
98301 199469 341608 403449 523409 527963 160767 301371 479165 493699 400482 410695 542480 134203 428215 516325 371392 589888 0 301665 237220 154754 310123 566477 429103 569662 202860 531284 253630 242209 402604 492349 502216 158859 278064 236048 340767 414537 373357 476479 341618 300749 326545 194237 409847 337024 396628 534254 294117 368772 330907 
358727 294942 581498 540362 803075 417109 455951 513727 779358 774888 692346 292880 838244 414611 716406 682150 453026 889098 301665 0 331530 420377 544611 477050 527524 821378 279271 832915 60341 541825 681637 398410 670593 405065 574710 475508 641425 604729 591036 763164 594542 511955 66203 131855 423625 459497 330633 330420 594565 67107 275646 
178912 44501 566461 639823 706112 322620 355254 535825 610208 675828 450159 235055 690246 220186 602830 350860 142129 720154 237220 331530 0 382169 244338 746865 211045 512454 54694 639501 272320 353832 593649 667236 339132 392906 365601 196307 443688 275996 273612 650590 559919 535413 306821 208327 173750 570506 576990 387352 402158 383002 147474 
210267 348889 187052 285076 383009 682495 77637 156524 377132 354581 371207 565279 423973 200590 297294 605331 505612 480860 154754 420377 382169 0 376004 544678 553715 589384 354550 441705 384072 208687 261381 482915 590907 31613 251230 313389 282126 498586 443375 343267 187420 156518 459247 336933 555864 239011 391786 685127 243785 485178 485533 
213081 262339 517219 660633 568882 532049 308518 522439 428570 540757 229577 471375 516109 183979 466929 232919 250102 528372 310123 544611 244338 376004 0 876296 250075 276807 279938 436864 484655 217112 480257 802471 218683 402377 199166 74622 265083 126767 67387 508317 496733 523151 535754 412757 341627 612617 706748 626102 240822 605015 387819 
664526 702556 563346 377129 804603 893722 621322 488154 885121 787948 915873 769801 900044 695156 768444 1076479 887227 967948 566477 477050 746865 544678 876296 0 957904 1124663 693367 958159 513307 751979 713036 80414 1062798 513077 794586 802486 824820 978471 939814 798235 595665 485779 540763 551051 882379 346030 171505 787805 788307 480997 742338 
344906 255423 724937 829556 813030 329936 505949 710139 678594 784050 476050 323636 765971 358490 709492 181983 74514 777891 429103 527524 211045 553715 250075 957904 0 427837 264781 685222 471602 451853 715802 878234 176121 571547 443257 265146 513779 173011 222185 753087 711025 710196 489481 414488 143020 765942 787977 466761 485182 569349 271698 
479001 536303 673365 855024 617286 755184 512082 706902 436883 597411 246887 722372 515903 435568 538408 274111 468834 490866 569662 821378 512454 589384 276807 1124663 427837 0 553750 397534 761458 383101 577499 1055306 270644 620206 342045 347180 348115 259071 239322 561358 643739 708353 811642 689524 561494 825149 959878 875746 363801 881739 646324 
166229 17607 541196 600220 697507 331827 338032 504226 614839 667187 470174 227217 691465 217080 595791 404401 194074 726130 202860 279271 54694 354550 279938 693367 264781 553750 0 649974 219506 356823 581541 613568 392412 361536 374584 221798 451871 325766 317134 644152 537683 503609 259158 153967 210401 528435 523993 371992 407904 333188 139602 
494307 634770 404867 608010 241526 956112 382979 472336 75050 231535 209618 873529 122591 437314 204257 607412 685129 96856 531284 832915 639501 441705 436864 958159 685222 397534 649974 0 783818 297289 260505 907854 597089 469548 275395 449620 198524 529752 467613 199913 370664 474611 854673 719220 773376 614409 823285 1021922 244162 900015 785021 
302580 234939 554451 534396 766684 389975 412018 491467 732792 737856 637046 261757 794972 359312 676522 623165 397273 843464 253630 60341 272320 384072 484655 513307 471602 761458 219506 783818 0 490018 644939 433318 611445 372338 521344 416071 590062 544647 530709 724026 564505 489894 75179 72176 374292 453745 356892 327195 543151 122076 229699 
197173 342693 307401 474102 362829 676111 131128 327460 258018 333316 166219 583259 336423 140824 258662 446401 429229 369392 242209 541825 353832 208687 217112 751979 451853 383101 356823 297289 490018 0 264879 687550 432556 240141 42624 187378 100179 342578 278074 303987 283628 328691 559238 423474 506787 442084 594198 728183 53392 608767 494812 
416503 571239 150006 350356 121746 912798 245303 226007 185735 93268 331786 805396 187164 374778 57076 703704 688281 254971 402604 681637 593649 261381 480257 713036 715802 577499 581541 260505 644939 264879 0 670759 690397 277928 282540 450666 236350 603267 537356 88256 117404 228435 720050 594310 758997 367080 594289 936134 242650 746051 720198 
589887 623003 523115 352870 769566 815459 558095 444797 836217 750644 852838 690798 857718 622977 724626 999125 807297 924307 492349 398410 667236 482915 802471 80414 878234 1055306 613568 907854 433318 687550 670759 0 985545 451579 729987 728287 764855 902170 865149 757744 553781 442364 462775 470658 801965 306588 95801 713602 726433 405821 662121 
404993 378045 735746 875970 768167 503821 526261 740203 608870 741842 392919 497484 696806 392368 670286 14426 238178 693704 502216 670593 339132 590907 218683 1062798 176121 270644 392412 597089 611445 432556 690397 985545 0 615564 408240 277867 461455 92523 154493 707478 714669 740838 642002 546003 319022 823857 891323 642738 447764 720122 437413 
226686 357332 186628 261277 398678 685639 109020 143004 403554 371089 402816 565829 446761 223578 317646 629989 520646 505399 158859 405065 392906 31613 402377 513077 571547 620206 361536 469548 372338 240141 277928 451579 615564 0 282714 337700 313310 523517 469752 362306 192701 142536 447384 330013 566528 210622 360832 680545 275328 468670 488545 
222471 359396 340959 513626 370412 685519 173717 366135 245808 341938 124907 598624 329216 164666 267870 421708 427590 354697 278064 574710 365601 251230 199166 794586 443257 342045 374584 275395 521344 42624 282540 729987 408240 282714 0 184375 78092 320745 254825 310122 315098 367473 588834 453165 509735 483614 636484 746528 41970 641362 510055 
138573 204430 468167 598321 549960 506571 252163 464904 428771 520583 254225 430774 513366 114749 445922 292292 243394 535242 236048 475508 196307 313389 74622 802486 265146 347180 221798 449620 416071 187378 450666 728287 277867 337700 184375 0 260328 186000 137703 490673 451103 465388 470898 343904 325996 546327 632616 583651 225285 537442 343734 
296175 436915 326466 516142 307063 763433 209768 367865 168481 280400 102423 676506 253531 238927 209313 474134 502467 276645 340767 641425 443688 282126 265083 824820 513779 348115 451871 198524 590062 100179 236350 764855 461455 313310 78092 260328 0 379036 312762 246286 296012 369604 659418 523652 586292 498060 673872 823861 46912 708436 587926 
316535 309799 643969 783663 685971 496459 433752 647685 533773 658810 321024 466562 622078 300718 586108 106910 209937 625149 414537 604729 275996 498586 126767 978471 173011 259071 325766 529752 544647 342578 603267 902170 92523 523517 320745 186000 379036 0 66360 625181 623437 648317 582817 476143 302450 732317 807276 618527 361299 658584 395270 
275330 299969 581878 727924 619642 530980 375387 589164 468844 592453 258112 485957 557129 250414 519760 168406 242102 562245 373357 591036 273612 443375 67387 939814 222185 239322 317134 467613 530709 278074 537356 865149 154493 469752 254825 137703 312762 66360 0 558853 560356 589915 576209 459851 336491 679939 769596 640341 295143 648774 407713 
477923 632427 235108 430342 60789 972624 316032 313033 132147 36087 325525 870507 103348 430482 48598 720001 733201 172829 476479 763164 650590 343267 508317 798235 753087 561358 644152 199913 724026 303987 88256 757744 707478 362306 310122 490673 246286 625181 558853 0 203985 315471 798847 670201 809772 452833 682239 1006203 268154 828338 783710 
381799 530387 34260 237510 222425 867993 206992 109056 295770 199640 398304 752308 304547 353794 173048 728701 672309 372287 341618 594542 559919 187420 496733 595665 711025 643739 537683 370664 564505 283628 117404 553781 714669 192701 315098 451103 296012 623437 560356 203985 0 111497 639375 522370 731992 249680 478960 872039 283476 656349 671469 
366578 499753 82682 146952 331498 824834 214654 2442 400613 310213 470505 702721 415525 355161 282952 755211 661722 482690 300749 511955 535413 156518 523151 485779 710196 708353 503609 474611 489894 328691 228435 442364 740838 142536 367473 465388 369604 648317 589915 315471 111497 0 562974 458427 709059 140108 367954 809466 345223 570011 628088 
367476 276242 628835 600504 841796 352984 485996 564608 805239 812925 701562 231282 868759 425064 751237 652736 415303 916274 326545 66203 306821 459247 535754 540763 489481 811642 259158 854673 75179 559238 720050 462775 642002 447384 588834 470898 659418 582817 576209 798847 639375 562974 0 135789 375325 519585 396708 265225 612575 80074 225950 
232457 167964 516011 521683 715748 382426 354950 459730 670883 686332 566994 254105 736365 289779 622089 558152 341199 782250 194237 131855 208327 336933 412757 551051 414488 689524 153967 719220 72176 423474 594310 470658 546003 330013 453165 343904 523652 476143 459851 670201 522370 458427 135789 0 331720 442867 386164 351386 476823 193995 199279 
350193 210772 739555 810369 867281 194759 525962 709493 754758 837242 569996 183274 838950 384520 763113 324990 94399 860853 409847 423625 173750 555864 341627 882379 143020 561494 210401 773376 374292 506787 758997 801965 319022 566528 509735 325996 586292 302450 336491 809772 731992 709059 375325 331720 0 738829 717737 323746 549784 454893 149376 
424980 529260 217725 80926 462978 824597 314321 142447 540607 444353 596006 696864 554181 431600 422418 838261 707936 621935 337024 459497 570506 239011 612617 346030 765942 825149 528435 614409 453745 442084 367080 306588 823857 210622 483614 546327 498060 732317 679939 452833 249680 140108 519585 442867 738829 0 241646 780932 468001 507385 633895 
494287 532560 450387 303298 699102 745306 465709 370392 753009 678166 759955 618141 779970 527195 646337 904991 718062 845118 396628 330633 576990 391786 706748 171505 787977 959878 523993 823285 356892 594198 594289 95801 891323 360832 636484 632616 673872 807276 769596 682239 478960 367954 396708 386164 717737 241646 0 656891 634391 351068 582009 
533366 387190 866982 861590 1055995 167078 691436 810820 985983 1025970 837388 154859 1060632 587614 957607 648699 409807 1097558 534254 330420 387352 685127 626102 787805 466761 875746 371992 1021922 327195 728183 936134 713602 642738 680545 746528 583651 823861 618527 640341 1006203 872039 809466 265225 351386 323746 780932 656891 0 779719 307972 239934 
250145 393331 311289 492147 328465 723405 168730 343688 208053 300055 128424 633549 289547 193283 226108 461054 468671 318521 294117 594565 402158 243785 240822 788307 485182 363801 407904 244162 543151 53392 242650 726433 447764 275328 41970 225285 46912 361299 295143 268154 283476 345223 612575 476823 549784 468001 634391 779719 0 661564 544990 
424202 349742 641899 587632 867235 419049 522601 571884 846265 839318 758355 303666 904537 480542 781853 731092 495087 955848 368772 67107 383002 485178 605015 480997 569349 881739 333188 900015 122076 608767 746051 405821 720122 468670 641362 537442 708436 658584 648774 828338 656349 570011 80074 193995 454893 507385 351068 307972 661564 0 305587 
305801 152349 672503 710309 836812 197115 475730 628965 752660 806504 597623 88582 830368 356104 735321 446297 200418 863512 330907 275646 147474 485533 387819 742338 271698 646324 139602 785021 229699 494812 720198 662121 437413 488545 510055 343734 587926 395270 407713 783710 671469 628088 225950 199279 149376 633895 582009 239934 544990 305587 0 
PICKUP_AND_DELIVERY_SECTION
1 0 0 10000000 0 0 0
2 0 0 10000000 0 18448 11010
3 0 0 10000000 0 589403 364346
4 0 0 10000000 0 853126 886990
5 0 0 10000000 0 16204 10697
6 0 0 10000000 0 463467 404834
7 0 0 10000000 0 631903 792284
8 0 0 10000000 0 127913 171529
9 0 0 10000000 0 312427 325807
10 0 0 10000000 0 572257 838866
11 0 0 10000000 0 91453 49590
12 0 0 10000000 0 558209 597816
13 0 0 10000000 0 348962 316581
14 0 0 10000000 0 894739 1043870
15 0 0 10000000 0 142430 168006
16 0 0 10000000 0 804304 1088372
17 0 0 10000000 0 591680 324817
18 0 0 10000000 0 90476 110356
19 0 0 10000000 0 111826 127110
20 0 0 10000000 0 391718 577130
21 0 0 10000000 0 54932 43321
22 0 0 10000000 0 912101 1360292
23 0 0 10000000 0 272991 397692
24 0 0 10000000 0 662101 521743
25 0 0 10000000 0 418462 473493
26 0 0 10000000 0 31420 43663
27 0 0 10000000 0 907803 1156734
28 0 0 10000000 0 105184 120801
29 0 0 10000000 0 949496 905249
30 0 0 10000000 0 289804 213461
31 0 0 10000000 0 44261 62498
32 0 0 10000000 0 564785 396438
33 0 0 10000000 0 694337 765237
34 0 0 10000000 0 598782 375110
35 0 0 10000000 0 375808 326233
36 0 0 10000000 0 304187 203678
37 0 0 10000000 0 864581 617122
38 0 0 10000000 0 471673 508189
39 0 0 10000000 0 319587 295731
40 0 0 10000000 0 896907 963330
41 0 0 10000000 0 738145 513688
42 0 0 10000000 0 853723 1106791
43 0 0 10000000 0 790637 519316
44 0 0 10000000 0 920753 496048
45 0 0 10000000 0 852892 1094494
46 0 0 10000000 0 926873 1209348
47 0 0 10000000 0 566721 360100
48 0 0 10000000 0 149369 83664
49 0 0 10000000 0 936099 1304572
50 0 0 10000000 0 355286 202486
51 0 0 10000000 0 269889 154509
DEPOT_SECTION
1 
-1
EOF
