NAME : SCA8-2
TYPE : VRPSPD
DIMENSION : 51
VEHICLES : 9
CAPACITY : 3122516
DISTANCE : 0
EDGE_WEIGHT_TYPE : EXPLICIT
EDGE_WEIGHT_FORMAT : FULL_MATRIX
EDGE_WEIGHT_SECTION
0 386462 152965 258169 600443 293176 473216 541379 438394 387845 486504 234338 490417 525662 172935 603940 537603 183032 206480 384576 502613 303417 344326 105701 300552 387201 560085 537604 262775 433266 370876 374659 486091 189940 342182 351213 293418 495198 283663 450539 366272 636409 287720 321283 362563 173350 492832 353131 243617 626638 315564 
386462 0 491473 268675 505976 517054 485888 690008 814596 723141 810738 420866 813937 569896 559143 809880 170953 273592 456019 770939 572901 504877 602189 432223 586644 703091 341273 916177 556803 654308 670015 760771 823970 560775 554887 35250 633785 142416 602052 400995 427632 351342 396605 690417 379212 556975 281895 698660 516324 844795 357998 
152965 491473 0 409512 563327 417353 412051 665581 418765 240817 337315 377108 341092 443015 159353 706149 655742 333447 336855 315895 412584 433270 200206 231120 151257 235232 707400 430129 114006 293955 446943 320714 341388 84963 463707 457392 146788 616913 130835 420571 515665 777185 436840 201420 328192 180679 638989 210452 356503 722727 287366 
258169 268675 409512 0 696320 253271 617688 427554 604201 645920 744673 159900 748586 690401 395901 541957 353670 76402 208415 601689 678519 238291 588210 233796 550787 644672 305538 774057 513574 668914 415565 581418 743565 444162 287639 243698 551565 307577 540208 558652 172668 392868 128152 572115 495326 382455 241360 610603 266263 576397 454110 
600443 505976 563327 696320 0 874916 163949 1106667 981604 663533 699321 790757 700163 198033 717735 1193415 629418 648911 789471 865142 233210 876682 485915 703319 519407 617275 846784 921279 521249 454406 971264 877175 735302 644372 923360 502911 622307 625875 571563 149915 867934 841310 807512 717685 239985 734466 787643 668536 837929 1219900 286105 
293176 517054 417353 253271 874916 0 761070 249402 405486 602299 699371 96378 703560 817719 308225 318574 603634 249829 87299 457363 795566 27150 617361 190297 566483 620816 491950 643217 530381 711286 168898 426748 683468 400961 49252 488428 519684 557873 532251 726560 179395 599214 139619 495463 644739 283225 446201 561122 67307 346533 598021 
473216 485888 412051 617688 163949 761070 0 1002953 826868 499650 538156 685312 539202 84744 570089 1076394 638255 558163 673901 705276 98696 766776 322012 578778 355992 453668 820290 757330 359612 296098 839239 719044 573051 489700 810283 471577 459646 622953 408868 94004 782441 836813 714172 555564 122381 589024 754954 504736 716416 1099788 165865 
541379 690008 665581 427554 1106667 249402 1002953 0 549329 835380 928891 317821 933059 1063172 543863 144412 725897 459538 334963 648756 1042403 238144 865019 439648 813248 859048 532586 830028 777764 959446 286662 613458 907858 642175 201923 668806 758853 684660 776120 961117 262891 644574 303150 721416 883929 517638 517326 793790 309395 184438 837959 
438394 814596 418765 604201 981604 405486 826868 549329 0 415563 477880 461682 481398 846286 274271 497064 946934 556659 401946 152265 811762 432517 544452 384337 493093 460376 887670 295514 475862 628895 267582 121407 441790 337445 415189 779910 391821 901484 437346 839240 584328 988964 530788 302625 746746 266430 833974 381942 354804 489845 704818 
387845 723141 240817 645920 663533 602299 499650 835380 415563 0 99751 587893 103830 488242 294158 840983 890907 570825 536227 264482 450061 623944 177644 440217 153851 50244 947030 258642 171919 232742 570441 294338 101210 207802 641546 690253 94599 853752 121689 549200 732858 1018001 655324 120563 469479 319616 879018 41592 535347 847563 445227 
486504 810738 337315 744673 699321 699371 538156 928891 477880 99751 0 687296 4189 511368 391246 927575 980050 669275 635030 326252 473027 721545 228904 539837 226397 107660 1044637 258110 253968 246500 658241 360416 43699 307477 737469 778709 193192 944230 210941 600051 832423 1113476 754989 207678 528603 416168 976300 139154 632205 931852 511069 
234338 420866 377108 159900 790757 96378 685312 317821 461682 587893 687296 0 691434 747009 302838 407322 513094 154340 61637 485336 727668 88516 575491 148663 528330 598865 426152 667566 490879 666418 255749 459352 677220 380383 138447 392064 498598 467068 502087 644090 145901 527801 73136 492583 566109 281929 372862 548254 110007 437786 520159 
490417 813937 341092 748586 700163 703560 539202 933059 481398 103830 4189 691434 0 511783 395433 931627 983319 673161 639196 329849 473469 725731 230960 543953 229261 110849 1048442 259862 257141 246987 662328 364093 45573 311582 741658 781958 197146 947577 214463 601591 836547 1117123 759098 211828 530543 420357 980081 143313 636394 935855 513313 
525662 569896 443015 690401 198033 817719 84744 1063172 846286 488242 511368 747009 511783 0 602303 1129135 723000 627485 730459 715501 38466 825485 314917 631105 358539 439394 902625 746540 370794 264908 883277 733135 549789 513547 866938 554737 464004 707501 414217 177275 851545 921040 780863 560601 198493 623477 836686 500221 768964 1150530 236436 
172935 559143 159353 395901 717735 308225 570089 543863 274271 294158 391246 302838 395433 602303 0 564220 706754 330099 246526 213129 571487 330320 336800 164564 282222 315211 700561 378208 251667 431718 296994 201727 376942 102023 347644 523906 215117 663267 237144 571762 448636 787668 374157 190226 479241 26403 637262 252910 241197 576811 435433 
603940 809880 706149 541957 1193415 318574 1076394 144412 497064 840983 927575 407322 931627 1129135 564220 0 860225 559884 404195 621182 1104657 319077 899246 498262 845229 871785 675841 790886 812514 994515 270706 584561 900786 666188 270623 785652 775634 817624 801345 1044828 390774 788150 413838 721711 961880 538108 657560 799957 360326 40029 914968 
537603 170953 655742 353670 629418 603634 638255 725897 946934 890907 980050 513094 983319 723000 706754 860225 0 390377 561209 919881 730234 585396 773122 563396 756855 872493 254939 1074128 726356 824447 768800 906110 991996 720309 632023 201461 800173 46119 770435 547973 470171 214881 467365 851574 540540 700869 225131 864905 619791 898227 524060 
183032 273592 333447 76402 648911 249829 558163 459538 556659 570825 669275 154340 673161 627485 330099 559884 390377 0 182571 540138 613294 242522 512240 174690 474422 568670 377536 707684 437184 593904 396596 522495 669074 371014 292700 242401 476332 344835 464035 506158 224329 458421 158629 500477 436118 319357 311102 536098 242835 591348 392732 
206480 456019 336855 208415 789471 87299 673901 334963 401946 536227 635030 61637 639196 730459 246526 404195 561209 182571 0 423966 708490 97524 536980 106208 487529 550267 486783 606713 450720 629925 214029 397752 622956 330204 136550 424964 449280 515092 456959 640671 203720 587018 134506 436752 558001 224261 432029 495893 60310 430543 511196 
384576 770939 315895 601689 865142 457363 705276 648756 152265 264482 326252 485336 329849 715501 213129 621182 919881 540138 423966 0 679444 483797 405308 367973 357314 310702 902566 185958 346416 484485 363167 36654 291454 231059 481801 735690 252398 876332 301383 729427 625011 994549 558423 157479 638571 220831 841927 232926 394234 619983 600668 
502613 572901 412584 678519 233210 795566 98696 1042403 811762 450061 473027 727668 473469 38466 571487 1104657 730234 613294 708490 679444 0 804346 277469 607501 322186 401103 901087 708255 335918 226538 855650 697721 511353 480788 844680 555607 427524 712461 378060 192248 836542 924178 764410 523994 195171 593263 834210 462564 745021 1125165 227586 
303417 504877 433270 238291 876682 27150 766776 238144 432517 623944 721545 88516 725731 825485 330320 319077 585396 242522 97524 483797 804346 0 633476 203512 583363 641163 466994 669567 546859 726822 192193 453432 706515 420944 50371 477301 539973 539867 550791 729141 152827 574991 118664 518676 649086 305780 422659 582944 91405 349273 602655 
344326 602189 200206 588210 485915 617361 322012 865019 544452 177644 228904 575491 230960 314917 336800 899246 773122 512240 536980 405308 277469 633476 0 431049 54803 132831 870711 435617 87355 95283 633748 426514 257535 235421 663322 572566 153271 741011 107746 374344 710598 926132 632013 248280 299848 362282 801037 185452 555647 913188 282834 
105701 432223 231120 233796 703319 190297 578778 439648 384337 440217 539837 148663 543953 631105 164564 498262 563396 174690 106208 367973 607501 203512 431049 0 382155 450230 536841 541380 345108 523769 270595 348637 531463 232430 238681 398077 350122 518280 353793 553470 292681 626652 215203 349823 466894 149022 474636 401102 137937 521012 419833 
300552 586644 151257 550787 519407 566483 355992 813248 493093 153851 226397 528330 229261 358539 282222 845229 756855 474422 487529 357314 322186 583363 54803 382155 0 119890 839893 404318 37779 149508 579212 376599 246842 180682 611855 555417 105490 722523 56066 397856 665950 900456 587158 202152 316049 307820 770476 150154 503885 858825 291465 
387201 703091 235232 644672 617275 620816 453668 859048 460376 50244 107660 598865 110849 439394 315211 871785 872493 568670 550267 310702 401103 641163 132831 450230 119890 0 941833 307151 146308 182506 601139 338971 127491 220307 662138 671118 101190 836882 105437 506954 742204 1008258 663858 159725 430213 341409 873081 78534 554639 880147 409083 
560085 341273 707400 305538 846784 491950 820290 532586 887670 947030 1044637 426152 1048442 902625 700561 675841 254939 377536 486783 902566 901087 466994 870711 536841 839893 941833 0 1078215 804032 941760 658685 879870 1046038 748528 502045 349629 852430 234824 836461 739589 318267 112845 357472 877406 706029 685838 69725 913139 533489 715699 676143 
537604 916177 430129 774057 921279 643217 757330 830028 295514 258642 258110 667566 259862 746540 378208 790886 1074128 707684 606713 185958 708255 669567 435617 541380 404318 307151 1078215 0 411083 486865 543380 218525 214411 355446 667581 881324 309368 1032420 357451 801957 809156 1165767 740680 228894 717834 392436 1015406 254188 579627 785077 688105 
262775 556803 114006 513574 521249 530381 359612 777764 475862 171919 253968 490879 257141 370794 251667 812514 726356 437184 450720 346416 335918 546859 87355 345108 37779 146308 804032 411083 0 182430 548094 362528 269952 151853 576137 524934 102654 691118 53775 392823 628211 866135 549427 196497 306889 276681 734723 159167 468375 826990 277642 
433266 654308 293955 668914 454406 711286 296098 959446 628895 232742 246500 666418 246987 264908 431718 994515 824447 593904 629925 484485 226538 726822 95283 523769 149508 182506 941760 486865 182430 0 728711 508877 285069 330041 757619 627382 238130 795840 198522 367865 798768 989946 720588 327432 311747 457327 872076 253941 650182 1008319 309012 
370876 670015 446943 415565 971264 168898 839239 286662 267582 570441 658241 255749 662328 883277 296994 270706 768800 396596 214029 363167 855650 192193 633748 270595 579212 601139 658685 543380 548094 728711 0 327443 632977 398831 159225 638975 505579 722794 533172 821381 341764 767147 308438 451574 732699 271497 614770 529335 153774 280285 685858 
374659 760771 320714 581418 877175 426748 719044 613458 121407 294338 360416 459352 364093 733135 201727 584561 906110 522495 397752 36654 697721 453432 426514 348637 376599 338971 879870 218525 362528 508877 327443 0 326604 236012 449404 725545 273280 862016 320548 738798 596938 973869 532209 181756 647136 205246 820435 260556 364905 583339 607693 
486091 823970 341388 743565 735302 683468 573051 907858 441790 101210 43699 677220 45573 549789 376942 900786 991996 669074 622956 291454 511353 706515 257535 531463 246842 127491 1046038 214411 269952 285069 632977 326604 0 301036 719731 791217 194631 954943 221971 631437 822964 1118429 746443 188063 556845 400826 978363 132982 616161 903586 536524 
189940 560775 84963 444162 644372 400961 489700 642175 337445 207802 307477 380383 311582 513547 102023 666188 720309 371014 330204 231059 480788 420944 235421 232430 180682 220307 748528 355446 151853 330041 398831 236012 301036 0 443264 525977 119158 679519 135354 503626 525101 826347 447523 131963 411598 128083 681938 169153 335289 678794 371698 
342182 554887 463707 287639 923360 49252 810283 201923 415189 641546 737469 138447 741658 866938 347644 270623 632023 292700 136550 481801 844680 50371 663322 238681 611855 662138 502045 667581 576137 757619 159225 449404 719731 443264 0 527523 561262 586753 576022 775227 183896 611957 164714 531756 693781 321949 461785 600128 108240 299805 647101 
351213 35250 457392 243698 502911 488428 471577 668806 779910 690253 778709 392064 781958 554737 523906 785652 201461 242401 424964 735690 555607 477301 572566 398077 555417 671118 349629 881324 524934 627382 638975 725545 791217 525977 527523 0 600351 168729 569433 389976 407693 369991 371822 655870 360751 521829 286579 665199 485202 819943 336216 
293418 633785 146788 551565 622307 519684 459646 758853 391821 94599 193192 498598 197146 464004 215117 775634 800173 476332 449280 252398 427524 539973 153271 350122 105490 101190 852430 309368 102654 238130 505579 273280 194631 119158 561262 600351 0 762198 50778 495458 642586 923816 564519 96679 409313 241457 784433 64881 453614 785589 378741 
495198 142416 616913 307577 625875 557873 622953 684660 901484 853752 944230 467068 947577 707501 663267 817624 46119 344835 515092 876332 712461 539867 741011 518280 722523 836882 234824 1032420 691118 795840 722794 862016 954943 679519 586753 168729 762198 0 733940 534891 427062 216148 422046 811118 520090 656834 194778 826756 573676 855363 500240 
283663 602052 130835 540208 571563 532251 408868 776120 437346 121689 210941 502087 214463 414217 237144 801345 770435 464035 456959 301383 378060 550791 107746 353793 56066 105437 836461 357451 53775 198522 533172 320548 221971 135354 576022 569433 50778 733940 0 445583 643394 903034 564686 147124 360398 263347 767668 105561 467787 813391 331410 
450539 400995 420571 558652 149915 726560 94004 961117 839240 549200 600051 644090 601591 177275 571762 1044828 547973 506158 640671 729427 192248 729141 374344 553470 397856 506954 739589 801957 392823 367865 821381 738798 631437 503626 775227 389976 495458 534891 445583 0 728171 750075 664579 588003 92610 587473 676017 547810 688407 1070834 137141 
366272 427632 515665 172668 867934 179395 782441 262891 584328 732858 832423 145901 836547 851545 448636 390774 470171 224329 203720 625011 836542 152827 710598 292681 665950 742204 318267 809156 628211 798768 341764 596938 822964 525101 183896 407693 642586 427062 643394 728171 0 428793 78825 638478 660307 427340 281160 693528 232986 428315 617062 
636409 351342 777185 392868 841310 599214 836813 644574 988964 1018001 1113476 527801 1117123 921040 787668 788150 214881 458421 587018 994549 924178 574991 926132 626652 900456 1008258 112845 1165767 866135 989946 767147 973869 1118429 826347 611957 369991 923816 216148 903034 750075 428793 0 462102 957337 730030 775106 154995 986412 636864 828056 706144 
287720 396605 436840 128152 807512 139619 714172 303150 530788 655324 754989 73136 759098 780863 374157 413838 467365 158629 134506 558423 764410 118664 632013 215203 587158 663858 357472 740680 549427 720588 308438 532209 746443 447523 164714 371822 564519 422046 564686 664579 78825 462102 0 563168 592701 353979 308006 616305 176121 448268 548331 
321283 690417 201420 572115 717685 495463 555564 721416 302625 120563 207678 492583 211828 560601 190226 721711 851574 500477 436752 157479 523994 518676 248280 349823 202152 159725 877406 228894 196497 327432 451574 181756 188063 131963 531756 655870 96679 811118 147124 588003 638478 957337 563168 0 499903 213316 811562 81697 428156 727554 466383 
362563 379212 328192 495326 239985 644739 122381 883929 746746 469479 528603 566109 530543 198493 479241 961880 540540 436118 558001 638571 195171 649086 299848 466894 316049 430213 706029 717834 306889 311747 732699 647136 556845 411598 693781 360751 409313 520090 360398 92610 660307 730030 592701 499903 0 495187 639395 464498 603318 986669 47062 
173350 556975 180679 382455 734466 283225 589024 517638 266430 319616 416168 281929 420357 623477 26403 538108 700869 319357 224261 220831 593263 305780 362282 149022 307820 341409 685838 392436 276681 457327 271497 205246 400826 128083 321949 521829 241457 656834 263347 587473 427340 775106 353979 213316 495187 0 623559 278247 216036 551026 450636 
492832 281895 638989 241360 787643 446201 754954 517326 833974 879018 976300 372862 980081 836686 637262 657560 225131 311102 432029 841927 834210 422659 801037 474636 770476 873081 69725 1015406 734723 872076 614770 820435 978363 681938 461785 286579 784433 194778 767668 676017 281160 154995 308006 811562 639395 623559 0 845571 482100 696863 608485 
353131 698660 210452 610603 668536 561122 504736 793790 381942 41592 139154 548254 143313 500221 252910 799957 864905 536098 495893 232926 462564 582944 185452 401102 150154 78534 913139 254188 159167 253941 529335 260556 132982 169153 600128 665199 64881 826756 105561 547810 693528 986412 616305 81697 464498 278247 845571 0 494103 806911 436702 
243617 516324 356503 266263 837929 67307 716416 309395 354804 535347 632205 110007 636394 768964 241197 360326 619791 242835 60310 394234 745021 91405 555647 137937 503885 554639 533489 579627 468375 650182 153774 364905 616161 335289 108240 485202 453614 573676 467787 688407 232986 636864 176121 428156 603318 216036 482100 494103 0 383514 556281 
626638 844795 722727 576397 1219900 346533 1099788 184438 489845 847563 931852 437786 935855 1150530 576811 40029 898227 591348 430543 619983 1125165 349273 913188 521012 858825 880147 715699 785077 826990 1008319 280285 583339 903586 678794 299805 819943 785589 855363 813391 1070834 428315 828056 448268 727554 986669 551026 696863 806911 383514 0 939659 
315564 357998 287366 454110 286105 598021 165865 837959 704818 445227 511069 520159 513313 236436 435433 914968 524060 392732 511196 600668 227586 602655 282834 419833 291465 409083 676143 688105 277642 309012 685858 607693 536524 371698 647101 336216 378741 500240 331410 137141 617062 706144 548331 466383 47062 450636 608485 436702 556281 939659 0 
PICKUP_AND_DELIVERY_SECTION
1 0 0 10000000 0 0 0
2 0 0 10000000 0 233263 250312
3 0 0 10000000 0 467610 381043
4 0 0 10000000 0 512222 482427
5 0 0 10000000 0 233366 169532
6 0 0 10000000 0 364369 467991
7 0 0 10000000 0 896957 1179427
8 0 0 10000000 0 978013 1061384
9 0 0 10000000 0 573637 829829
10 0 0 10000000 0 374597 340483
11 0 0 10000000 0 677739 532370
12 0 0 10000000 0 134242 154686
13 0 0 10000000 0 704326 561480
14 0 0 10000000 0 202968 303984
15 0 0 10000000 0 172812 96257
16 0 0 10000000 0 613593 607236
17 0 0 10000000 0 291663 252651
18 0 0 10000000 0 705393 520880
19 0 0 10000000 0 142209 183945
20 0 0 10000000 0 945582 1296898
21 0 0 10000000 0 879590 927781
22 0 0 10000000 0 19838 16081
23 0 0 10000000 0 364116 471243
24 0 0 10000000 0 136914 142144
25 0 0 10000000 0 462327 582415
26 0 0 10000000 0 889429 1127001
27 0 0 10000000 0 559855 370635
28 0 0 10000000 0 321266 171630
29 0 0 10000000 0 575719 416214
30 0 0 10000000 0 752322 1049340
31 0 0 10000000 0 867932 1032707
32 0 0 10000000 0 680205 797842
33 0 0 10000000 0 379802 461394
34 0 0 10000000 0 966904 1325417
35 0 0 10000000 0 679368 809189
36 0 0 10000000 0 667394 819136
37 0 0 10000000 0 321332 174884
38 0 0 10000000 0 502357 470430
39 0 0 10000000 0 97643 123756
40 0 0 10000000 0 333472 481167
41 0 0 10000000 0 704277 691476
42 0 0 10000000 0 422842 331934
43 0 0 10000000 0 582404 500787
44 0 0 10000000 0 159661 184578
45 0 0 10000000 0 616914 715289
46 0 0 10000000 0 938146 500595
47 0 0 10000000 0 256213 264900
48 0 0 10000000 0 566840 845016
49 0 0 10000000 0 524605 625716
50 0 0 10000000 0 441689 397370
51 0 0 10000000 0 84178 76849
DEPOT_SECTION
1 
-1
EOF
