NAME : SCA8-4
TYPE : VRPSPD
DIMENSION : 51
VEHICLES : 9
CAPACITY : 3698775
DISTANCE : 0
EDGE_WEIGHT_TYPE : EXPLICIT
EDGE_WEIGHT_FORMAT : FULL_MATRIX
EDGE_WEIGHT_SECTION
0 356942 385537 405529 412695 519340 485253 484253 482630 101063 282435 260424 260496 459311 433420 450891 378213 558371 524193 190584 645492 310914 316081 295491 282080 14480 290843 412739 445691 380922 441113 371460 555277 154797 414522 380684 335039 379708 454034 477247 572929 300569 560190 581280 252139 516063 447663 434277 536812 500465 385235 
356942 0 337344 671015 481705 788619 824944 602291 125937 375484 154748 606361 440494 191454 688889 804238 271882 881532 397741 426221 338038 411629 640407 652184 634598 362991 71799 377231 172747 699638 212593 211003 908185 258446 760265 536843 642315 725011 648993 127293 527885 301191 527973 804383 121602 200401 456948 705704 384178 751624 628571 
385537 337344 0 790804 162956 551595 682488 286462 395594 473154 195781 515410 614784 528679 818138 778625 572778 927388 718067 560402 382945 631041 499530 616661 558180 399687 342457 40327 509935 537485 189636 523482 878042 425213 764585 735099 476237 732834 826347 436459 828190 84973 823306 526077 363510 315472 729410 483899 710765 502632 767590 
405529 671015 790804 0 805434 758153 577827 852748 785989 322551 661922 437197 237137 663999 32139 336807 503596 255154 566636 247733 1003156 300839 525850 331229 409063 391256 600380 818213 660872 574931 820915 547878 398386 416354 261866 203734 571292 246616 139164 755193 502071 705841 481406 862632 550047 865448 395956 691790 598909 766876 55320 
412695 481705 162956 805434 0 407045 576117 124097 554109 512472 328663 451987 668919 669478 835582 723631 686561 898618 837853 602720 537477 703825 410191 570189 497018 426930 471097 135961 650796 431986 352555 645581 815195 502637 725199 790640 375343 697509 866471 591064 931950 181683 924185 366858 479539 478359 821177 350664 835562 354867 792946 
519340 788619 551595 758153 407045 0 255058 321703 893831 600284 643255 324078 744187 946251 789886 514319 894619 726651 1043083 668024 934487 814546 235163 429835 349101 526520 746769 536296 929556 183709 731257 878831 568060 671254 557217 845298 195509 546924 871548 914437 1086611 521583 1072218 125089 728912 853339 958262 85821 1054158 54526 774329 
485253 824944 682488 577827 576117 255058 0 530499 945656 529691 705708 225040 636959 944557 607112 278777 850836 490587 984016 567961 1047756 718972 189076 258011 213017 485436 766617 681080 930789 145544 832863 853452 316210 635169 337096 712560 206270 337941 708243 950997 992136 624811 974678 380105 733929 941495 863183 247097 1003133 296069 607916 
484253 602291 286462 852748 124097 321703 530499 0 677976 585215 448025 455524 744747 787802 884126 720594 793325 912146 946057 673598 653554 789434 392864 580511 499243 497538 586741 256508 769237 395617 475682 756516 802858 596018 734918 864542 349259 711384 929361 714084 1031298 301100 1022062 256270 590419 601300 915247 286374 946153 267196 847754 
482630 125937 395594 785989 554109 893831 945656 677976 0 499557 250648 729441 551295 198304 801870 930117 339216 1003486 430341 544960 253511 511167 759312 778000 758877 488866 195862 432045 184759 816786 222365 275893 1034016 379993 885541 637428 758069 850295 752070 57771 575696 383504 580125 898262 243439 136381 529250 813086 407299 853481 740944 
101063 375484 473154 322551 512472 600284 529691 585215 499557 0 340884 308875 159667 434579 347767 438340 321705 507667 456035 90303 692498 216239 380943 302384 317137 87694 304025 503401 424161 445877 500922 331070 540301 123195 387657 279631 408558 352566 356293 482449 486327 388770 472040 671721 256331 557210 358194 517095 473754 586768 294890 
282435 154748 195781 661922 328663 643255 705708 448025 250648 340884 0 498650 456232 340836 685392 728315 377659 839255 522297 416560 364005 456274 517154 567804 533356 293406 146920 235981 322143 571643 160409 327708 832432 257687 696303 570692 511651 661697 672292 274073 634431 147188 630415 652038 169709 240145 540864 562472 515457 603522 629107 
260424 606361 515410 437197 451987 324078 225040 455524 729441 308875 498650 0 432677 719704 469229 271645 627966 456684 764899 358851 854423 510012 89172 125652 45039 260397 545263 524539 706108 146263 639360 628716 365464 410377 279397 525322 134177 256587 547479 730979 785094 443833 768899 425457 510557 738375 655454 254597 782322 329706 450616 
260496 440494 614784 237137 668919 744187 636959 744747 551295 159667 456232 432677 0 428580 250812 477817 273578 476407 366596 76439 776993 85239 514960 384253 427663 247340 371854 648171 424606 577604 608844 312526 568018 198759 410579 121921 549132 379849 216092 518611 355191 532715 337945 823937 322055 638759 226353 663693 393461 735775 189746 
459311 191454 528679 663999 669478 946251 944557 787802 198304 434579 340836 719704 428580 0 673661 870577 167427 903513 232165 447861 449931 366824 770696 736056 739010 459689 203830 568637 18763 834009 391739 116146 970419 314567 814159 487853 781800 779965 603050 141741 379313 487865 385110 975699 217647 332848 347894 861115 209313 914485 613008 
433420 688889 818138 32139 835582 789886 607112 884126 801870 347767 685392 469229 250812 673661 0 360889 510933 261296 565524 269393 1022841 307803 557824 362365 440784 419063 618844 846135 671382 606563 843681 557811 417003 436637 286438 201100 603346 273514 119907 769310 492880 733227 472072 894678 568566 884857 392325 723812 598664 798885 61157 
450891 804238 778625 336807 723631 514319 278777 720594 930117 438340 728315 271645 477817 870577 360889 0 738889 213201 844409 430339 1092140 562499 328657 162966 226621 442844 734959 791347 861193 344036 881517 761735 104394 561430 75086 513604 374842 98895 475676 918346 814314 701779 794632 636225 690402 965875 693216 475410 870927 542553 380265 
378213 271882 572778 503596 686561 894619 850836 793325 339216 321705 377659 627966 273578 167427 510933 738889 0 749551 153281 308565 590722 203158 692859 619923 638710 373592 234495 612660 169786 758016 482956 63656 834428 223830 676567 321084 713248 643814 435961 290611 258624 510929 257014 944533 209720 460299 190183 808929 159663 871172 451021 
558371 881532 927388 255154 898618 726651 490587 912146 1003486 507667 839255 456684 476407 903513 261296 213201 749551 0 821386 460876 1198454 549902 528230 331776 413557 546473 809744 946561 898236 552396 999010 787959 202865 623600 177608 458837 576071 201549 377852 980099 754174 845027 733361 847475 760568 1064360 651070 683561 853233 752826 310452 
524193 397741 718067 566636 837853 1043083 984016 946057 430341 456035 522297 764899 366596 232165 565524 844409 153281 821386 0 422018 681870 282115 834875 742115 771000 518085 375787 758279 245859 900087 609540 194591 933312 372238 776513 364425 858256 746304 466228 373887 151594 660331 161661 1096392 358693 563752 175994 957658 36301 1021418 511356 
190584 426221 560402 247733 602720 668024 567961 673598 544960 90303 416560 358851 76439 447861 269393 430339 308565 460876 422018 0 755771 151571 439744 320342 356583 176714 354848 591688 440825 502896 574339 334926 526377 169091 368754 191135 473149 335548 266716 519416 426462 476583 410074 747574 304658 618317 296851 587317 445375 659338 212556 
645492 338038 382945 1003156 537477 934487 1047756 653554 253511 692498 364005 854423 776993 449931 1022841 1092140 590722 1198454 681870 755771 0 749314 859440 931055 891925 655772 405142 401950 437549 906010 215498 527081 1196141 586818 1059924 874807 844264 1025181 986984 308303 828761 424212 833523 904316 455028 138234 780871 865207 656870 885515 963262 
310914 411629 631041 300839 703825 814546 718972 789434 511167 216239 456274 510012 85239 366824 307803 562499 203158 549902 282115 151571 749314 0 589447 468256 508077 299618 348810 667086 365681 653202 598898 251781 651384 206028 494413 126280 620895 464243 241150 472016 275081 552959 259111 887959 302305 612021 145443 732238 309999 802634 247891 
316081 640407 499530 525850 410191 235163 189076 392864 759312 380943 517154 89172 514960 770696 557824 328657 692859 528230 834875 439744 859440 589447 0 205417 120402 319467 585028 501848 755879 65231 644287 687405 410553 470603 351126 611783 48228 333005 636534 767237 864027 437738 848511 337277 555870 752426 734612 166264 850020 241160 539788 
295491 652184 616661 331229 570189 429835 258011 580511 778000 302384 567804 125652 384253 736056 362365 162966 619923 331776 742115 320342 931055 468256 205417 0 85245 289246 584846 630603 724883 246155 719430 633340 265662 421803 155449 454595 253447 130995 454634 770509 738190 539074 720163 540479 542987 806621 610298 370125 764464 444002 354601 
282080 634598 558180 409063 497018 349101 213017 499243 758877 317137 533356 45039 427663 739010 440784 226621 638710 413557 771000 356583 891925 508077 120402 85245 0 279916 571312 568218 726160 166026 677416 643783 321159 426266 235995 512506 168290 214805 525668 757681 782449 485171 765519 456727 534154 773479 653030 285939 790217 360322 427019 
14480 362991 399687 391256 426930 526520 485436 497538 488866 87694 293406 260397 247340 459689 419063 442844 373592 546473 518085 176714 655772 299618 319467 289246 279916 0 295793 427076 446488 384542 452630 369230 547166 151342 404739 367137 340279 369787 439697 481885 563590 314714 550532 590766 255503 525480 437636 441784 531559 508865 370764 
290843 71799 342457 600380 471097 746769 766617 586741 195862 304025 146920 545263 371854 203830 618844 734959 234495 809744 375787 354848 405142 348810 585028 584846 571312 295793 0 382731 185904 646093 255198 181357 838663 186711 689689 472416 590681 654445 582898 186474 492998 289937 490549 772286 50332 266908 409119 662353 368540 713067 558814 
412739 377231 40327 818213 135961 536296 681080 256508 432045 503401 235981 524539 648171 568637 846135 791347 612660 946561 758279 591688 401950 667086 501848 630603 568218 427076 382731 0 549903 535564 220367 563689 889184 461068 780885 769059 475149 749914 858191 474348 867648 115466 862553 502664 403223 345384 767782 472726 751078 485747 796831 
445691 172747 509935 660872 650796 929556 930789 769237 184759 424161 322143 706108 424606 18763 671382 861193 169786 898236 245859 440825 437549 365681 755879 724883 726160 446488 185904 549903 0 818961 374069 113901 961565 303090 805763 488189 766307 771396 603654 129387 391212 469201 396239 958049 201543 318044 354244 844530 224517 897399 610528 
380922 699638 537485 574931 431986 183709 145544 395617 816786 445877 571643 146263 577604 834009 606563 344036 758016 552396 900087 502896 906010 653202 65231 246155 166026 384542 646093 535564 818961 0 691945 752038 413509 535569 378704 671580 61769 365708 690905 826783 928033 482062 912313 297100 618375 803688 798515 131426 915247 201194 592725 
441113 212593 189636 820915 352555 731257 832863 475682 222365 500922 160409 639360 608844 391739 843681 881517 482956 999010 609540 574339 215498 598898 644287 719430 677416 452630 255198 220367 374069 691945 0 423241 985032 410596 853072 718767 630291 818797 824514 272675 740181 212189 739775 714165 297414 125845 663701 658018 594216 684737 786507 
371460 211003 523482 547878 645581 878831 853452 756516 275893 331070 327708 628716 312526 116146 557811 761735 63656 787959 194591 334926 527081 251781 687405 633340 643783 369230 181357 563689 113901 752038 423241 0 860117 218341 703034 374712 703764 669277 490273 228442 316947 466700 317041 921004 166243 396808 253795 793023 189991 851997 497061 
555277 908185 878042 398386 815195 568060 316210 802858 1034016 540301 832432 365464 568018 970419 417003 104394 834428 202865 933312 526377 1196141 651384 410553 265662 321159 547166 838663 889184 961565 413509 985032 860117 0 663497 157917 590047 453693 190894 536341 1021481 892702 802606 872517 692770 793698 1070209 775911 542062 961255 603246 448051 
154797 258446 425213 416354 502637 671254 635169 596018 379993 123195 257687 410377 198759 314567 436637 561430 223830 623600 372238 169091 586818 206028 470603 421803 426266 151342 186711 461068 303090 535569 410596 218341 663497 0 510492 313725 489623 475479 414841 360066 436512 347000 426441 725465 137047 449249 319494 585682 383039 649214 377881 
414522 760265 764585 261866 725199 557217 337096 734918 885541 387657 696303 279397 410579 814159 286438 75086 676567 177608 776513 368754 1059924 494413 351126 155449 235995 404739 689689 780885 805763 378704 853072 703034 157917 510492 0 440083 399136 35255 400635 870093 741642 684489 721798 675467 643286 930208 621979 509013 804006 579870 305256 
380684 536843 735099 203734 790640 845298 712560 864542 637428 279631 570692 525322 121921 487853 201100 513604 321084 458837 364425 191135 874807 126280 611783 454595 512506 367137 472416 769059 488189 671580 718767 374712 590047 313725 440083 0 649884 415499 115606 597734 302675 653674 282470 932028 424596 737208 192232 767716 397636 841317 148557 
335039 642315 476237 571292 375343 195509 206270 349259 758069 408558 511651 134177 549132 781800 603346 374842 713248 576071 858256 473149 844264 620895 48228 253447 168290 340279 590681 475149 766307 61769 630291 703764 453693 489623 399136 649884 0 381230 679196 769590 894277 420293 879372 291344 565027 742536 765349 120743 871735 195900 583452 
379708 725011 732834 246616 697509 546924 337941 711384 850295 352566 661697 256587 379849 779965 273514 98895 643814 201549 746304 335548 1025181 464243 333005 130995 214805 369787 654445 749914 771396 365708 818797 669277 190894 475479 35255 415499 381230 0 383663 834972 715624 652165 696006 662759 608086 895215 594320 494368 773248 566608 285896 
454034 648993 826347 139164 866471 871548 708243 929361 752070 356293 672292 547479 216092 603050 119907 475676 435961 377852 466228 266716 986984 241150 636534 454634 525668 439697 582898 858191 603654 690905 824514 490273 536341 414841 400635 115606 679196 383663 0 713087 379096 742934 358228 968702 534082 849020 290276 799682 500999 874664 100339 
477247 127293 436459 755193 591064 914437 950997 714084 57771 482449 274073 730979 518611 141741 769310 918346 290611 980099 373887 519416 308303 472016 767237 770509 757681 481885 186474 474348 129387 826783 272675 228442 1021481 360066 870093 597734 769590 834972 713087 0 520521 415202 525621 926075 228038 194119 479519 832022 350114 876379 708169 
572929 527885 828190 502071 931950 1086611 992136 1031298 575696 486327 634431 785094 355191 379313 492880 814314 258624 754174 151594 426462 828761 275081 864027 738190 782449 563590 492998 867648 391212 928033 740181 316947 892702 436512 741642 302675 894277 715624 379096 520521 0 761960 20869 1154205 464949 706237 129640 1003211 184046 1071964 448265 
300569 301191 84973 705841 181683 521583 624811 301100 383504 388770 147188 443833 532715 487865 733227 701779 510929 845027 660331 476583 424212 552959 437738 539074 485171 314714 289937 115466 469201 482062 212189 466700 802606 347000 684489 653674 420293 652165 742934 415202 761960 0 755744 515426 301754 331888 657794 446499 656367 476968 682920 
560190 527973 823306 481406 924185 1072218 974678 1022062 580125 472040 630415 768899 337945 385110 472072 794632 257014 733361 161661 410074 833523 259111 848511 720163 765519 550532 490549 862553 396239 912313 739775 317041 872517 426441 721798 282470 879372 696006 358228 525621 20869 755744 0 1141297 460722 709332 114023 989124 195620 1058329 427689 
581280 804383 526077 862632 366858 125089 380105 256270 898262 671721 652038 425457 823937 975699 894678 636225 944533 847475 1096392 747574 904316 887959 337277 540479 456727 590766 772286 502664 958049 297100 714165 921004 692770 725465 675467 932028 291344 662759 968702 926075 1154205 515426 1141297 0 762241 839542 1028293 171013 1103739 96477 874067 
252139 121602 363510 550047 479539 728912 733929 590419 243439 256331 169709 510557 322055 217647 568566 690402 209720 760568 358693 304658 455028 302305 555870 542987 534154 255503 50332 403223 201543 618375 297414 166243 793698 137047 643286 424596 565027 608086 534082 228038 464949 301754 460722 762241 0 316811 372619 643644 356192 698108 508596 
516063 200401 315472 865448 478359 853339 941495 601300 136381 557210 240145 738375 638759 332848 884857 965875 460299 1064360 563752 618317 138234 612021 752426 806621 773479 525480 266908 345384 318044 803688 125845 396808 1070209 449249 930208 737208 742536 895215 849020 194119 706237 331888 709332 839542 316811 0 649676 778150 542158 807897 825171 
447663 456948 729410 395956 821177 958262 863183 915247 529250 358194 540864 655454 226353 347894 392325 693216 190183 651070 175994 296851 780871 145443 734612 610298 653030 437636 409119 767782 354244 798515 663701 253795 775911 319494 621979 192232 765349 594320 290276 479519 129640 657794 114023 1028293 372619 649676 0 875286 211078 944737 340729 
434277 705704 483899 691790 350664 85821 247097 286374 813086 517095 562472 254597 663693 861115 723812 475410 808929 683561 957658 587317 865207 732238 166264 370125 285939 441784 662353 472726 844530 131426 658018 793023 542062 585682 509013 767716 120743 494368 799682 832022 1003211 446499 989124 171013 643644 778150 875286 0 968499 75159 704169 
536812 384178 710765 598909 835562 1054158 1003133 946153 407299 473754 515457 782322 393461 209313 598664 870927 159663 853233 36301 445375 656870 309999 850020 764464 790217 531559 368540 751078 224517 915247 594216 189991 961255 383039 804006 397636 871735 773248 500999 350114 184046 656367 195620 1103739 356192 542158 211078 968499 0 1030825 543717 
500465 751624 502632 766876 354867 54526 296069 267196 853481 586768 603522 329706 735775 914485 798885 542553 871172 752826 1021418 659338 885515 802634 241160 444002 360322 508865 713067 485747 897399 201194 684737 851997 603246 649214 579870 841317 195900 566608 874664 876379 1071964 476968 1058329 96477 698108 807897 944737 75159 1030825 0 779296 
385235 628571 767590 55320 792946 774329 607916 847754 740944 294890 629107 450616 189746 613008 61157 380265 451021 310452 511356 212556 963262 247891 539788 354601 427019 370764 558814 796831 610528 592725 786507 497061 448051 377881 305256 148557 583452 285896 100339 708169 448265 682920 427689 874067 508596 825171 340729 704169 543717 779296 0 
PICKUP_AND_DELIVERY_SECTION
1 0 0 10000000 0 0 0
2 0 0 10000000 0 958275 1194284
3 0 0 10000000 0 769596 977678
4 0 0 10000000 0 280794 194770
5 0 0 10000000 0 508860 504303
6 0 0 10000000 0 904211 690566
7 0 0 10000000 0 917821 675006
8 0 0 10000000 0 121881 149512
9 0 0 10000000 0 106401 82257
10 0 0 10000000 0 806691 594047
11 0 0 10000000 0 563153 684370
12 0 0 10000000 0 711806 1054180
13 0 0 10000000 0 800122 923631
14 0 0 10000000 0 860368 748722
15 0 0 10000000 0 312234 191252
16 0 0 10000000 0 943687 1208568
17 0 0 10000000 0 17133 20317
18 0 0 10000000 0 346869 419905
19 0 0 10000000 0 988219 768549
20 0 0 10000000 0 664956 929267
21 0 0 10000000 0 835670 661194
22 0 0 10000000 0 973398 1394618
23 0 0 10000000 0 151308 95006
24 0 0 10000000 0 889430 934039
25 0 0 10000000 0 336845 370333
26 0 0 10000000 0 219593 303506
27 0 0 10000000 0 623725 402188
28 0 0 10000000 0 645536 738568
29 0 0 10000000 0 813943 422464
30 0 0 10000000 0 892460 725833
31 0 0 10000000 0 27034 28370
32 0 0 10000000 0 863373 779544
33 0 0 10000000 0 462946 348640
34 0 0 10000000 0 602828 655073
35 0 0 10000000 0 933760 1145810
36 0 0 10000000 0 841864 476989
37 0 0 10000000 0 550798 763880
38 0 0 10000000 0 910987 1164907
39 0 0 10000000 0 97129 114312
40 0 0 10000000 0 446220 258565
41 0 0 10000000 0 928647 1242894
42 0 0 10000000 0 558204 488289
43 0 0 10000000 0 748358 758741
44 0 0 10000000 0 239819 184255
45 0 0 10000000 0 996456 1476579
46 0 0 10000000 0 628414 791869
47 0 0 10000000 0 145201 84993
48 0 0 10000000 0 685112 777548
49 0 0 10000000 0 527729 380110
50 0 0 10000000 0 40413 29844
51 0 0 10000000 0 389894 401673
DEPOT_SECTION
1 
-1
EOF
