NAME : S-G-200-14
COMMENT : described in Salazar & Letchford (EJOR, 2015)
TYPE : ACVRP 
DIMENSION : 16
EDGE_WEIGHT_TYPE : EXPLICIT
EDGE_WEIGHT_FORMAT : FULL_MATRIX
DISPLAY_DATA_TYPE : NO_DISPLAY
CAPACITY : 200
VEHICLES : 16
EDGE_WEIGHT_SECTION
0 229 175 174 135 162 181 179 104 289 195 168 156 213 201 193 
229 0 144 88 268 198 409 50 329 468 354 143 137 296 429 78 
175 144 0 59 281 58 336 114 249 461 224 8 201 153 352 179 
174 88 59 0 255 111 349 57 264 447 269 56 154 209 367 123 
135 268 281 255 0 286 223 229 191 202 322 274 137 348 244 199 
162 198 58 111 286 0 300 162 214 449 168 57 232 99 314 222 
181 409 336 349 223 300 0 360 88 221 208 330 320 294 22 369 
179 50 114 57 229 162 360 0 279 428 309 111 109 260 379 67 
104 329 249 264 191 214 88 279 0 266 151 243 256 219 104 296 
289 468 461 447 202 449 221 428 266 0 415 454 337 480 230 400 
195 354 224 269 322 168 208 309 151 415 0 221 338 105 211 354 
168 143 8 56 274 57 330 111 243 454 221 0 196 154 346 174 
156 137 201 154 137 232 320 109 256 337 338 196 0 321 341 63 
213 296 153 209 348 99 294 260 219 480 105 154 321 0 302 318 
201 429 352 367 244 314 22 379 104 230 211 346 341 302 0 389 
193 78 179 123 199 222 369 67 296 400 354 174 63 318 389 0 
DEMAND_SECTION
1 0
2 31
3 25
4 32
5 28
6 30
7 30
8 25
9 31
10 29
11 26
12 30
13 26
14 27
15 31
16 32
DEPOT_SECTION
1
EOF
