NAME : S-G-100-6
COMMENT : described in Salazar & Letchford (EJOR, 2015)
TYPE : ACVRP 
DIMENSION : 16
EDGE_WEIGHT_TYPE : EXPLICIT
EDGE_WEIGHT_FORMAT : FULL_MATRIX
DISPLAY_DATA_TYPE : NO_DISPLAY
CAPACITY : 100
VEHICLES : 16
EDGE_WEIGHT_SECTION
0 171 50 37 228 276 174 147 212 150 113 42 264 323 221 218 
171 0 197 142 235 219 185 205 269 211 241 212 392 266 330 383 
50 197 0 83 277 325 223 110 170 198 64 47 216 372 256 187 
37 142 83 0 200 242 144 165 234 129 146 75 299 289 218 253 
228 235 277 200 0 94 58 363 433 87 340 247 486 120 168 402 
276 219 325 242 94 0 114 390 461 164 387 305 540 50 261 474 
174 185 223 144 58 114 0 305 376 54 286 197 435 155 170 361 
147 205 110 165 363 390 305 0 71 293 85 157 197 439 365 242 
212 269 170 234 433 461 376 71 0 361 122 215 166 510 424 252 
150 211 198 129 87 164 54 293 361 0 260 163 401 201 124 316 
113 241 64 146 340 387 286 85 122 260 0 100 156 435 307 161 
42 212 47 75 247 305 197 157 215 163 100 0 239 350 210 179 
264 392 216 299 486 540 435 197 166 401 156 239 0 587 417 144 
323 266 372 289 120 50 155 439 510 201 435 350 587 0 282 515 
221 330 256 218 168 261 170 365 424 124 307 210 417 282 0 297 
218 383 187 253 402 474 361 242 252 316 161 179 144 515 297 0 
DEMAND_SECTION
1 0
2 30
3 27
4 28
5 28
6 29
7 33
8 30
9 25
10 27
11 26
12 33
13 27
14 29
15 30
16 29
DEPOT_SECTION
1
EOF
