NAME : S-G-100-20
COMMENT : described in Salazar & Letchford (EJOR, 2015)
TYPE : ACVRP 
DIMENSION : 16
EDGE_WEIGHT_TYPE : EXPLICIT
EDGE_WEIGHT_FORMAT : FULL_MATRIX
DISPLAY_DATA_TYPE : NO_DISPLAY
CAPACITY : 100
VEHICLES : 16
EDGE_WEIGHT_SECTION
0 246 176 125 196 286 255 222 142 89 255 261 193 106 221 159 
246 0 404 174 56 524 500 121 211 248 460 163 383 240 466 138 
176 404 0 300 349 223 144 397 221 245 283 359 81 265 121 335 
125 174 300 0 145 365 358 104 205 80 288 267 314 68 325 43 
196 56 349 145 0 479 449 130 158 211 424 138 328 207 415 120 
286 524 223 365 479 0 92 466 402 286 137 538 303 301 102 408 
255 500 144 358 449 92 0 461 348 283 203 487 223 302 35 399 
222 121 397 104 130 466 461 0 259 181 378 267 401 165 428 63 
142 211 221 205 158 402 348 259 0 217 394 140 179 227 317 214 
89 248 245 80 211 286 283 181 217 0 213 313 277 21 251 122 
255 460 283 288 424 137 203 378 394 213 0 514 356 221 191 328 
261 163 359 267 138 538 487 267 140 313 514 0 308 316 455 252 
193 383 81 314 328 303 223 401 179 277 356 308 0 295 202 342 
106 240 265 68 207 301 302 165 227 21 221 316 295 0 270 109 
221 466 121 325 415 102 35 428 317 251 191 455 202 270 0 366 
159 138 335 43 120 408 399 63 214 122 328 252 342 109 366 0 
DEMAND_SECTION
1 0
2 28
3 29
4 32
5 30
6 30
7 27
8 29
9 27
10 27
11 27
12 29
13 31
14 32
15 28
16 26
DEPOT_SECTION
1
EOF
