NAME : S-G-150-7
COMMENT : described in Salazar & Letchford (EJOR, 2015)
TYPE : ACVRP 
DIMENSION : 16
EDGE_WEIGHT_TYPE : EXPLICIT
EDGE_WEIGHT_FORMAT : FULL_MATRIX
DISPLAY_DATA_TYPE : NO_DISPLAY
CAPACITY : 150
VEHICLES : 16
EDGE_WEIGHT_SECTION
0 81 96 313 131 256 221 217 270 202 65 18 152 58 217 159 
81 0 30 238 130 330 141 138 345 222 71 71 154 43 275 112 
96 30 0 242 109 332 130 124 347 251 100 82 132 43 268 82 
313 238 242 0 340 567 140 157 582 324 265 307 359 279 510 270 
131 130 109 340 0 271 209 196 286 329 178 115 25 95 183 82 
256 330 332 567 271 0 460 451 16 382 313 261 269 291 108 350 
221 141 130 140 209 460 0 18 475 319 199 209 226 172 388 133 
217 138 124 157 196 451 18 0 466 326 200 204 212 166 376 119 
270 345 347 582 286 16 475 466 0 392 327 275 284 306 121 365 
202 222 251 324 329 382 319 326 392 0 155 216 352 239 389 333 
65 71 100 265 178 313 199 200 327 155 0 72 202 85 281 180 
18 71 82 307 115 261 209 204 275 216 72 0 137 42 214 142 
152 154 132 359 25 269 226 212 284 352 202 137 0 119 175 94 
58 43 43 279 95 291 172 166 306 239 85 42 119 0 232 104 
217 275 268 510 183 108 388 376 121 389 281 214 175 232 0 265 
159 112 82 270 82 350 133 119 365 333 180 142 94 104 265 0 
DEMAND_SECTION
1 0
2 28
3 28
4 30
5 25
6 28
7 25
8 27
9 28
10 28
11 29
12 32
13 32
14 27
15 32
16 32
DEPOT_SECTION
1
EOF
