NAME : S-G-100-17
COMMENT : described in Salazar & Letchford (EJOR, 2015)
TYPE : ACVRP 
DIMENSION : 16
EDGE_WEIGHT_TYPE : EXPLICIT
EDGE_WEIGHT_FORMAT : FULL_MATRIX
DISPLAY_DATA_TYPE : NO_DISPLAY
CAPACITY : 100
VEHICLES : 16
EDGE_WEIGHT_SECTION
0 205 165 89 185 190 134 301 269 259 277 155 228 256 236 56 
205 0 57 117 105 391 338 187 226 199 466 356 411 458 416 256 
165 57 0 80 59 345 298 167 257 232 437 310 358 421 363 212 
89 117 80 0 115 275 222 234 235 217 358 240 302 344 308 140 
185 105 59 115 0 345 311 120 315 291 461 311 344 434 348 221 
190 391 345 275 345 0 80 443 432 429 192 36 88 119 97 136 
134 338 298 222 311 80 0 420 355 354 163 60 157 124 167 91 
301 187 167 234 120 443 420 0 413 386 576 411 424 541 426 330 
269 226 257 235 315 432 355 413 0 29 406 403 491 441 499 318 
259 199 232 217 291 429 354 386 29 0 417 399 484 446 492 311 
277 466 437 358 461 192 163 576 406 417 0 202 276 86 285 248 
155 356 310 240 311 36 60 411 403 399 202 0 98 139 107 101 
228 411 358 302 344 88 157 424 491 484 276 98 0 197 10 175 
256 458 421 344 434 119 124 541 441 446 86 139 197 0 204 214 
236 416 363 308 348 97 167 426 499 492 285 107 10 204 0 182 
56 256 212 140 221 136 91 330 318 311 248 101 175 214 182 0 
DEMAND_SECTION
1 0
2 25
3 29
4 25
5 32
6 29
7 30
8 31
9 28
10 30
11 28
12 26
13 27
14 33
15 26
16 26
DEPOT_SECTION
1
EOF
