NAME : S-G-100-19
COMMENT : described in Salazar & Letchford (EJOR, 2015)
TYPE : ACVRP 
DIMENSION : 16
EDGE_WEIGHT_TYPE : EXPLICIT
EDGE_WEIGHT_FORMAT : FULL_MATRIX
DISPLAY_DATA_TYPE : NO_DISPLAY
CAPACITY : 100
VEHICLES : 16
EDGE_WEIGHT_SECTION
0 228 274 282 242 221 317 148 181 200 244 240 209 242 152 294 
228 0 488 404 468 80 533 118 407 152 467 346 389 180 375 417 
274 488 0 430 90 494 46 422 113 470 180 422 315 420 126 436 
282 404 430 0 348 340 456 288 321 263 270 59 116 505 327 14 
242 468 90 348 0 460 109 384 62 423 91 346 232 434 96 353 
221 80 494 340 460 0 538 77 400 78 444 281 343 250 373 353 
317 533 46 456 109 538 0 465 149 511 194 453 341 464 167 461 
148 118 422 288 384 77 465 0 325 67 368 230 274 242 299 301 
181 407 113 321 62 400 149 325 0 367 106 309 207 377 38 328 
200 152 470 263 423 78 511 67 367 0 394 205 276 302 344 276 
244 467 180 270 91 444 194 368 106 394 0 278 158 468 139 273 
240 346 422 59 346 281 453 230 309 205 278 0 121 452 309 72 
209 389 315 116 232 343 341 274 207 276 158 121 0 449 216 122 
242 180 420 505 434 250 464 242 377 302 468 452 449 0 340 517 
152 375 126 327 96 373 167 299 38 344 139 309 216 340 0 335 
294 417 436 14 353 353 461 301 328 276 273 72 122 517 335 0 
DEMAND_SECTION
1 0
2 31
3 29
4 30
5 25
6 25
7 32
8 31
9 31
10 29
11 26
12 25
13 32
14 28
15 28
16 31
DEPOT_SECTION
1
EOF
