NAME : S-G-200-16
COMMENT : described in Salazar & Letchford (EJOR, 2015)
TYPE : ACVRP 
DIMENSION : 16
EDGE_WEIGHT_TYPE : EXPLICIT
EDGE_WEIGHT_FORMAT : FULL_MATRIX
DISPLAY_DATA_TYPE : NO_DISPLAY
CAPACITY : 200
VEHICLES : 16
EDGE_WEIGHT_SECTION
0 247 292 284 140 43 242 286 82 293 302 55 147 196 222 201 
247 0 153 457 278 283 48 265 187 508 223 277 123 218 427 218 
292 153 0 398 243 312 199 410 271 583 374 340 235 145 508 350 
284 457 398 0 181 247 477 570 359 445 581 317 408 256 414 484 
140 278 243 181 0 123 296 409 196 401 411 191 233 102 341 324 
43 283 312 247 123 0 281 325 124 285 344 73 188 200 220 240 
242 48 199 477 296 281 0 219 171 484 176 263 102 250 403 178 
286 265 410 570 409 325 219 0 214 378 67 262 192 413 305 86 
82 187 271 359 196 124 171 214 0 324 223 92 71 217 244 128 
293 508 583 445 401 285 484 378 324 0 435 244 386 484 82 335 
302 223 374 581 411 344 176 67 223 435 0 290 180 398 360 112 
55 277 340 317 191 73 263 262 92 244 290 0 162 251 169 181 
147 123 235 408 233 188 102 192 71 386 180 162 0 222 305 118 
196 218 145 256 102 200 250 413 217 484 398 251 222 0 416 334 
222 427 508 414 341 220 403 305 244 82 360 169 305 416 0 256 
201 218 350 484 324 240 178 86 128 335 112 181 118 334 256 0 
DEMAND_SECTION
1 0
2 28
3 30
4 28
5 28
6 31
7 32
8 27
9 31
10 31
11 28
12 27
13 27
14 25
15 32
16 27
DEPOT_SECTION
1
EOF
