NAME : S-U-4-15
COMMENT : described in Salazar & Letchford (EJOR, 2015)
TYPE : ACVRP 
DIMENSION : 16
EDGE_WEIGHT_TYPE : EXPLICIT
EDGE_WEIGHT_FORMAT : FULL_MATRIX
DISPLAY_DATA_TYPE : NO_DISPLAY
CAPACITY : 4
VEHICLES : 16
EDGE_WEIGHT_SECTION
0 193 158 230 254 257 241 127 252 114 216 40 250 127 206 254 
193 0 321 76 232 392 49 124 69 107 380 228 422 260 16 176 
158 321 0 375 254 107 367 208 363 268 61 153 103 70 336 296 
230 76 375 0 308 455 72 193 115 119 435 258 474 320 65 249 
254 232 254 308 0 257 254 145 220 276 292 288 340 191 243 76 
257 392 107 455 257 0 434 270 421 359 78 258 109 137 407 319 
241 49 367 72 254 434 0 165 44 149 426 276 469 305 36 188 
127 124 208 193 145 270 165 0 156 134 265 166 310 142 139 129 
252 69 363 115 220 421 44 156 0 175 420 289 465 297 64 150 
114 107 268 119 276 359 149 134 175 0 327 140 363 223 115 243 
216 380 61 435 292 78 426 265 420 327 0 207 49 124 395 343 
40 228 153 258 288 258 276 166 289 140 207 0 235 141 241 292 
250 422 103 474 340 109 469 310 465 363 49 235 0 170 437 391 
127 260 70 320 191 137 305 142 297 223 124 141 170 0 275 228 
206 16 336 65 243 407 36 139 64 115 395 241 437 275 0 184 
254 176 296 249 76 319 188 129 150 243 343 292 391 228 184 0 
DEMAND_SECTION
1 0
2 1
3 1
4 1
5 1
6 1
7 1
8 1
9 1
10 1
11 1
12 1
13 1
14 1
15 1
16 1
DEPOT_SECTION
1
EOF
