NAME : S-U-4-18
COMMENT : described in Salazar & Letchford (EJOR, 2015)
TYPE : ACVRP 
DIMENSION : 16
EDGE_WEIGHT_TYPE : EXPLICIT
EDGE_WEIGHT_FORMAT : FULL_MATRIX
DISPLAY_DATA_TYPE : NO_DISPLAY
CAPACITY : 4
VEHICLES : 16
EDGE_WEIGHT_SECTION
0 135 238 59 169 288 120 208 128 210 281 257 140 115 147 197 
135 0 141 155 281 397 238 277 64 333 378 389 210 65 274 331 
238 141 0 224 325 423 357 275 204 389 390 462 346 124 385 417 
59 155 224 0 126 244 159 150 170 179 231 243 196 111 173 194 
169 281 325 126 0 119 201 101 294 66 116 149 274 229 183 135 
288 397 423 244 119 0 300 153 412 98 48 151 382 342 270 188 
120 238 357 159 201 300 0 280 204 204 312 207 88 234 46 139 
208 277 275 150 101 153 280 0 311 158 116 244 338 215 272 235 
128 64 204 170 294 412 204 311 0 337 401 381 157 117 246 317 
210 333 389 179 66 98 204 158 337 0 121 87 288 288 173 95 
281 378 390 231 116 48 312 116 401 121 0 190 389 320 288 215 
257 389 462 243 149 151 207 244 381 87 190 0 295 353 165 69 
140 210 346 196 274 382 88 338 157 288 389 295 0 230 132 226 
115 65 124 111 229 342 234 215 117 288 320 353 230 0 262 301 
147 274 385 173 183 270 46 272 246 173 288 165 132 262 0 96 
197 331 417 194 135 188 139 235 317 95 215 69 226 301 96 0 
DEMAND_SECTION
1 0
2 1
3 1
4 1
5 1
6 1
7 1
8 1
9 1
10 1
11 1
12 1
13 1
14 1
15 1
16 1
DEPOT_SECTION
1
EOF
