NAME : S-U-4-9
COMMENT : described in Salazar & Letchford (EJOR, 2015)
TYPE : ACVRP 
DIMENSION : 16
EDGE_WEIGHT_TYPE : EXPLICIT
EDGE_WEIGHT_FORMAT : FULL_MATRIX
DISPLAY_DATA_TYPE : NO_DISPLAY
CAPACITY : 4
VEHICLES : 16
EDGE_WEIGHT_SECTION
0 168 167 141 312 124 236 64 96 218 203 171 187 192 208 60 
168 0 308 54 200 45 339 231 229 248 39 160 168 268 67 109 
167 308 0 262 374 269 339 122 218 370 333 211 352 325 321 213 
141 54 262 0 184 46 343 199 219 271 72 109 199 279 68 87 
312 200 374 184 0 225 527 359 399 447 170 165 367 461 133 267 
124 45 269 46 225 0 304 186 187 226 81 148 154 237 98 65 
236 339 339 343 527 304 0 230 141 135 377 405 206 77 401 263 
64 231 122 199 359 186 230 0 98 248 264 204 235 206 266 122 
96 229 218 219 399 187 141 98 0 155 267 266 164 108 283 133 
218 248 370 271 447 226 135 248 155 0 281 359 85 68 314 212 
203 39 333 72 170 81 377 264 267 281 0 164 199 305 41 144 
171 160 211 109 165 148 405 204 266 359 164 0 297 352 134 149 
187 168 352 199 367 154 206 235 164 85 199 297 0 130 234 160 
192 268 325 279 461 237 77 206 108 68 305 352 130 0 333 205 
208 67 321 68 133 98 401 266 283 314 41 134 234 333 0 153 
60 109 213 87 267 65 263 122 133 212 144 149 160 205 153 0 
DEMAND_SECTION
1 0
2 1
3 1
4 1
5 1
6 1
7 1
8 1
9 1
10 1
11 1
12 1
13 1
14 1
15 1
16 1
DEPOT_SECTION
1
EOF
