NAME : S-U-6-8
COMMENT : described in Salazar & Letchford (EJOR, 2015)
TYPE : ACVRP 
DIMENSION : 16
EDGE_WEIGHT_TYPE : EXPLICIT
EDGE_WEIGHT_FORMAT : FULL_MATRIX
DISPLAY_DATA_TYPE : NO_DISPLAY
CAPACITY : 6
VEHICLES : 16
EDGE_WEIGHT_SECTION
0 310 241 135 103 178 260 66 244 146 42 189 297 227 231 282 
310 0 524 442 211 400 569 349 545 443 343 498 434 84 430 422 
241 524 0 125 336 343 146 183 229 98 200 143 476 442 389 238 
135 442 125 0 237 220 132 99 155 38 99 69 354 358 268 278 
103 211 336 237 0 215 361 154 335 245 140 289 297 129 258 319 
178 400 343 220 215 0 275 227 196 253 198 217 135 330 53 455 
260 569 146 132 361 275 0 230 100 146 228 72 397 486 308 374 
66 349 183 99 154 227 230 0 240 95 30 165 354 265 280 228 
244 545 229 155 335 196 100 240 0 187 226 93 306 464 219 430 
146 443 98 38 245 253 146 95 187 0 106 96 388 359 303 244 
42 343 200 99 140 198 228 30 226 106 0 159 324 259 251 257 
189 498 143 69 289 217 72 165 93 96 159 0 347 415 257 338 
297 434 476 354 297 135 397 354 306 388 324 347 0 383 90 578 
227 84 442 358 129 330 486 265 464 359 259 415 383 0 366 359 
231 430 389 268 258 53 308 280 219 303 251 257 90 366 0 508 
282 422 238 278 319 455 374 228 430 244 257 338 578 359 508 0 
DEMAND_SECTION
1 0
2 1
3 1
4 1
5 1
6 1
7 1
8 1
9 1
10 1
11 1
12 1
13 1
14 1
15 1
16 1
DEPOT_SECTION
1
EOF
