NAME : S-U-6-12
COMMENT : described in Salazar & Letchford (EJOR, 2015)
TYPE : ACVRP 
DIMENSION : 16
EDGE_WEIGHT_TYPE : EXPLICIT
EDGE_WEIGHT_FORMAT : FULL_MATRIX
DISPLAY_DATA_TYPE : NO_DISPLAY
CAPACITY : 6
VEHICLES : 16
EDGE_WEIGHT_SECTION
0 294 262 134 290 238 252 240 165 204 120 260 252 241 162 164 
294 0 37 206 415 57 192 502 152 487 348 461 130 530 262 140 
262 37 0 185 404 25 192 466 116 458 312 443 132 496 226 105 
134 206 185 0 234 162 119 373 151 292 243 259 125 367 229 134 
290 415 404 234 0 384 234 477 383 277 405 110 292 417 440 367 
238 57 25 162 384 0 178 446 99 434 293 420 120 473 212 85 
252 192 192 119 234 178 0 491 226 388 359 303 63 480 328 205 
240 502 466 373 477 446 491 0 351 233 155 400 488 105 260 362 
165 152 116 151 383 99 226 351 0 368 197 393 186 387 115 22 
204 487 458 292 277 434 388 233 368 0 248 180 414 148 344 366 
120 348 312 243 405 293 359 155 197 248 0 360 345 206 114 209 
260 461 443 259 110 420 303 400 393 180 360 0 352 326 421 381 
252 130 132 125 292 120 63 488 186 414 345 352 0 489 296 164 
241 530 496 367 417 473 480 105 387 148 206 326 489 0 319 393 
162 262 226 229 440 212 328 260 115 344 114 421 296 319 0 135 
164 140 105 134 367 85 205 362 22 366 209 381 164 393 135 0 
DEMAND_SECTION
1 0
2 1
3 1
4 1
5 1
6 1
7 1
8 1
9 1
10 1
11 1
12 1
13 1
14 1
15 1
16 1
DEPOT_SECTION
1
EOF
