NAME : S-U-8-5
COMMENT : described in Salazar & Letchford (EJOR, 2015)
TYPE : ACVRP 
DIMENSION : 16
EDGE_WEIGHT_TYPE : EXPLICIT
EDGE_WEIGHT_FORMAT : FULL_MATRIX
DISPLAY_DATA_TYPE : NO_DISPLAY
CAPACITY : 8
VEHICLES : 16
EDGE_WEIGHT_SECTION
0 228 248 112 77 268 197 195 162 224 105 250 220 53 70 230 
228 0 142 293 159 262 218 420 376 66 153 304 447 247 180 253 
248 142 0 255 214 387 331 435 409 204 144 416 438 237 239 370 
112 293 255 0 175 379 308 204 206 309 141 359 187 60 178 342 
77 159 214 175 0 218 148 261 217 148 87 219 294 116 25 186 
268 262 387 379 218 0 72 367 303 198 298 74 430 320 206 42 
197 218 331 308 148 72 0 312 250 162 230 87 370 249 134 40 
195 420 435 204 261 367 312 0 64 404 295 311 76 200 243 325 
162 376 409 206 217 303 250 64 0 353 266 247 135 183 196 262 
224 66 204 309 148 198 162 404 353 0 176 246 442 256 162 194 
105 153 144 141 87 298 230 295 266 176 0 305 307 102 108 270 
250 304 416 359 219 74 87 311 247 246 305 0 380 303 201 54 
220 447 438 187 294 430 370 76 135 442 307 380 0 206 281 389 
53 247 237 60 116 320 249 200 183 256 102 303 206 0 118 283 
70 180 239 178 25 206 134 243 196 162 108 201 281 118 0 171 
230 253 370 342 186 42 40 325 262 194 270 54 389 283 171 0 
DEMAND_SECTION
1 0
2 1
3 1
4 1
5 1
6 1
7 1
8 1
9 1
10 1
11 1
12 1
13 1
14 1
15 1
16 1
DEPOT_SECTION
1
EOF
