NAME : S-U-4-10
COMMENT : described in Salazar & Letchford (EJOR, 2015)
TYPE : ACVRP 
DIMENSION : 16
EDGE_WEIGHT_TYPE : EXPLICIT
EDGE_WEIGHT_FORMAT : FULL_MATRIX
DISPLAY_DATA_TYPE : NO_DISPLAY
CAPACITY : 4
VEHICLES : 16
EDGE_WEIGHT_SECTION
0 184 184 196 154 117 175 99 217 256 70 155 215 208 183 151 
184 0 338 311 327 190 137 161 366 439 183 191 395 25 255 335 
184 338 0 325 60 158 250 181 33 165 156 334 111 355 344 137 
196 311 325 0 269 313 361 294 355 287 265 131 282 335 74 204 
154 327 60 269 0 169 262 183 87 128 149 292 75 347 295 77 
117 190 158 313 169 0 94 32 182 296 48 258 243 204 297 213 
175 137 250 361 262 94 0 84 270 389 122 274 336 141 327 300 
99 161 181 294 183 32 84 0 207 307 38 230 256 177 272 216 
217 366 33 355 87 182 270 207 0 171 184 367 120 383 377 162 
256 439 165 287 128 296 389 307 171 0 272 359 56 462 339 109 
70 183 156 265 149 48 122 38 184 272 0 217 221 201 251 179 
155 191 334 131 292 258 274 230 367 359 217 0 334 214 65 254 
215 395 111 282 75 243 336 256 120 56 221 334 0 416 323 81 
208 25 355 335 347 204 141 177 383 462 201 214 416 0 278 358 
183 255 344 74 295 297 327 272 377 339 251 65 323 278 0 243 
151 335 137 204 77 213 300 216 162 109 179 254 81 358 243 0 
DEMAND_SECTION
1 0
2 1
3 1
4 1
5 1
6 1
7 1
8 1
9 1
10 1
11 1
12 1
13 1
14 1
15 1
16 1
DEPOT_SECTION
1
EOF
