NAME : S-U-4-2
COMMENT : described in Salazar & Letchford (EJOR, 2015)
TYPE : ACVRP 
DIMENSION : 16
EDGE_WEIGHT_TYPE : EXPLICIT
EDGE_WEIGHT_FORMAT : FULL_MATRIX
DISPLAY_DATA_TYPE : NO_DISPLAY
CAPACITY : 4
VEHICLES : 16
EDGE_WEIGHT_SECTION
0 108 269 181 156 327 181 99 119 248 230 243 230 329 304 162 
108 0 241 282 264 378 263 111 129 331 329 344 150 433 362 92 
269 241 0 424 357 594 446 338 359 510 351 371 371 450 572 154 
181 282 424 0 89 235 79 206 209 104 185 182 360 236 204 342 
156 264 357 89 0 320 156 222 233 193 105 108 374 183 290 302 
327 378 594 235 320 0 167 268 251 138 419 416 359 458 32 467 
181 263 446 79 156 167 0 166 162 69 258 258 310 315 138 339 
99 111 338 206 222 268 166 0 22 231 313 323 156 404 252 200 
119 129 359 209 233 251 162 22 0 224 328 336 152 416 236 219 
248 331 510 104 193 138 69 231 224 0 286 281 369 321 107 407 
230 329 351 185 105 419 258 313 328 286 0 21 458 107 388 341 
243 344 371 182 108 416 258 323 336 281 21 0 470 90 384 359 
230 150 371 360 374 359 310 156 152 369 458 470 0 555 355 218 
329 433 450 236 183 458 315 404 416 321 107 90 555 0 427 448 
304 362 572 204 290 32 138 252 236 107 388 384 355 427 0 448 
162 92 154 342 302 467 339 200 219 407 341 359 218 448 448 0 
DEMAND_SECTION
1 0
2 1
3 1
4 1
5 1
6 1
7 1
8 1
9 1
10 1
11 1
12 1
13 1
14 1
15 1
16 1
DEPOT_SECTION
1
EOF
