NAME : S-U-8-13
COMMENT : described in Salazar & Letchford (EJOR, 2015)
TYPE : ACVRP 
DIMENSION : 16
EDGE_WEIGHT_TYPE : EXPLICIT
EDGE_WEIGHT_FORMAT : FULL_MATRIX
DISPLAY_DATA_TYPE : NO_DISPLAY
CAPACITY : 8
VEHICLES : 16
EDGE_WEIGHT_SECTION
0 156 157 53 245 47 280 237 152 293 177 181 202 116 132 212 
156 0 238 109 206 125 125 312 272 401 167 298 67 224 143 258 
157 238 0 153 167 138 351 386 288 422 328 313 240 263 283 66 
53 109 153 0 204 18 234 271 199 339 178 227 149 157 135 196 
245 206 167 204 0 201 268 474 397 538 360 425 162 358 324 127 
47 125 138 18 201 0 250 276 198 338 191 226 161 158 147 183 
280 125 351 234 268 250 0 393 379 494 231 402 114 331 231 356 
237 312 386 271 474 276 393 0 109 109 163 97 378 124 170 446 
152 272 288 199 397 198 379 109 0 141 176 29 332 48 153 351 
293 401 422 339 538 338 494 109 141 0 268 114 465 183 265 487 
177 167 328 178 360 191 231 163 176 268 0 193 232 137 46 373 
181 298 313 227 425 226 402 97 29 114 193 0 359 75 174 376 
202 67 240 149 162 161 114 378 332 465 232 359 0 285 210 243 
116 224 263 157 358 158 331 124 48 183 137 75 285 0 108 323 
132 143 283 135 324 147 231 170 153 265 46 174 210 108 0 330 
212 258 66 196 127 183 356 446 351 487 373 376 243 323 330 0 
DEMAND_SECTION
1 0
2 1
3 1
4 1
5 1
6 1
7 1
8 1
9 1
10 1
11 1
12 1
13 1
14 1
15 1
16 1
DEPOT_SECTION
1
EOF
