NAME : S-U-6-4
COMMENT : described in Salazar & Letchford (EJOR, 2015)
TYPE : ACVRP 
DIMENSION : 16
EDGE_WEIGHT_TYPE : EXPLICIT
EDGE_WEIGHT_FORMAT : FULL_MATRIX
DISPLAY_DATA_TYPE : NO_DISPLAY
CAPACITY : 6
VEHICLES : 16
EDGE_WEIGHT_SECTION
0 113 94 110 101 107 137 324 271 245 260 132 238 167 294 218 
113 0 122 92 47 217 234 270 369 138 359 33 210 248 239 329 
94 122 0 177 79 143 135 384 262 253 253 117 147 133 353 246 
110 92 177 0 126 208 245 215 377 171 366 125 296 276 185 312 
101 47 79 126 0 194 202 316 335 175 325 40 171 210 285 305 
107 217 143 208 194 0 54 417 171 352 159 231 278 105 388 113 
137 234 135 245 202 54 0 458 136 372 125 242 251 53 428 115 
324 270 384 215 316 417 458 0 588 208 575 292 474 491 32 511 
271 369 262 377 335 171 136 588 0 507 13 375 343 132 559 106 
245 138 253 171 175 352 372 208 507 0 496 136 291 384 184 463 
260 359 253 366 325 159 125 575 13 496 0 365 338 124 546 94 
132 33 117 125 40 231 242 292 375 136 365 0 183 249 262 343 
238 210 147 296 171 278 251 474 343 291 338 183 0 220 444 364 
167 248 133 276 210 105 53 491 132 384 124 249 220 0 460 150 
294 239 353 185 285 388 428 32 559 184 546 262 444 460 0 484 
218 329 246 312 305 113 115 511 106 463 94 343 364 150 484 0 
DEMAND_SECTION
1 0
2 1
3 1
4 1
5 1
6 1
7 1
8 1
9 1
10 1
11 1
12 1
13 1
14 1
15 1
16 1
DEPOT_SECTION
1
EOF
