NAME : S-U-8-11
COMMENT : described in Salazar & Letchford (EJOR, 2015)
TYPE : ACVRP 
DIMENSION : 16
EDGE_WEIGHT_TYPE : EXPLICIT
EDGE_WEIGHT_FORMAT : FULL_MATRIX
DISPLAY_DATA_TYPE : NO_DISPLAY
CAPACITY : 8
VEHICLES : 16
EDGE_WEIGHT_SECTION
0 235 140 251 288 52 97 131 154 235 185 153 136 177 247 251 
235 0 373 153 505 244 165 150 342 469 359 237 276 159 147 240 
140 373 0 382 161 157 218 265 115 97 202 254 169 306 356 361 
251 153 382 0 537 227 237 120 397 469 285 154 351 77 292 99 
288 505 161 537 0 314 342 418 169 117 351 414 245 462 451 521 
52 244 157 227 314 0 135 113 198 243 139 107 187 150 282 211 
97 165 218 237 342 135 0 133 178 314 273 202 118 181 150 274 
131 150 265 120 418 113 133 0 278 355 210 91 239 51 238 142 
154 342 115 397 169 198 178 278 0 184 295 304 76 327 282 404 
235 469 97 469 117 243 314 355 184 0 244 330 252 392 449 436 
185 359 202 285 351 139 273 210 295 244 0 133 310 219 419 218 
153 237 254 154 414 107 202 91 304 330 133 0 285 87 326 108 
136 276 169 351 245 187 118 239 76 252 310 285 0 289 207 375 
177 159 306 77 462 150 181 51 327 392 219 87 289 0 272 96 
247 147 356 292 451 282 150 238 282 449 419 326 207 272 0 365 
251 240 361 99 521 211 274 142 404 436 218 108 375 96 365 0 
DEMAND_SECTION
1 0
2 1
3 1
4 1
5 1
6 1
7 1
8 1
9 1
10 1
11 1
12 1
13 1
14 1
15 1
16 1
DEPOT_SECTION
1
EOF
