NAME : R1101_20_120
TYPE : VRPSPD
DIMENSION : 21
VEHICLES : 2
CAPACITY : 120
EDGE_WEIGHT_TYPE : EXPLICIT
EDGE_WEIGHT_FORMAT : FULL_MATRIX
EDGE_WEIGHT_SECTION
0 229993 192585 226716 189447 185348 266993 248646 238447 171724 187003 253308 222225 112361 33121 110887 255828 276660 133405 198759 294165 
229993 0 187489 377143 336204 406985 482203 478592 316623 270703 85094 483216 446951 162733 209747 286086 396289 321708 298225 419829 301877 
192585 187489 0 210402 374957 366231 450076 400382 401101 101272 223573 398399 341721 227495 201400 162200 222506 426755 160655 379494 426279 
226716 377143 210402 0 394271 297379 370061 274235 460431 110041 377902 264169 193866 330341 258141 116000 30463 501638 94112 307059 520877 
189447 336204 374957 394271 0 160462 191262 262574 92049 359924 256164 277195 295408 175114 173738 287253 424728 140730 309614 165387 183000 
185348 406985 366231 297379 160462 0 83863 102181 252224 308968 345774 116778 145801 255282 198033 222697 326120 301040 239176 13454 341481 
266993 482203 450076 370061 191262 83863 0 119407 279517 391152 415246 136418 194054 324607 276293 304777 397322 325994 320053 70711 371712 
248646 478592 400382 274235 262574 102181 119407 0 354401 321811 427791 17205 82492 340000 270880 240010 298096 403210 248403 97949 443482 
238447 316623 401101 460431 92049 252224 279517 354401 0 408130 231562 368793 383099 176045 212565 347052 490474 48847 369876 257422 92195 
171724 270703 101272 110041 359924 308968 391152 321811 408130 0 282406 316901 253876 252733 195576 86377 125877 442945 73498 321297 453442 
187003 85094 223573 377902 256164 345774 415246 427791 231562 282406 0 434871 409099 90802 158710 271326 401749 237565 288571 357851 221081 
253308 483216 398399 264169 277195 116778 136418 17205 368793 316901 434871 0 70605 348080 277027 236932 287084 417634 243836 113534 457266 
222225 446951 341721 193866 295408 145801 194054 82492 383099 253876 409099 70605 0 328373 251072 179778 216481 431334 182584 149040 466014 
112361 162733 227495 330341 175114 255282 324607 340000 176045 252733 90802 348080 328373 0 79699 215641 357677 199264 236457 267226 202158 
33121 209747 201400 258141 173738 198033 276293 270880 212565 195576 158710 277027 251072 79699 0 142144 286840 248294 164268 211116 263310 
110887 286086 162200 116000 287253 222697 304777 240010 347052 86377 271326 236932 179778 215641 142144 0 144941 386907 22825 234957 405010 
255828 396289 222506 30463 424728 326120 397322 298096 490474 125877 401749 287084 216481 357677 286840 144941 0 531369 122577 335483 549932 
276660 321708 426755 501638 140730 301040 325994 403210 48847 442945 237565 417634 431334 199264 248294 386907 531369 0 409646 306111 48765 
133405 298225 160655 94112 309614 239176 320053 248403 369876 73498 288571 243836 182584 236457 164268 22825 122577 409646 0 251034 427387 
198759 419829 379494 307059 165387 13454 70711 97949 257422 321297 357851 113534 149040 267226 211116 234957 335483 306111 251034 0 347554 
294165 301877 426279 520877 183000 341481 371712 443482 92195 453442 221081 457266 466014 202158 263310 405010 549932 48765 427387 347554 0 
PICKUP_AND_DELIVERY_SECTION
1 0 0 10000000 0 0 0
2 0 0 10000000 0 17 4
3 0 0 10000000 0 16 9
4 0 0 10000000 0 8 2
5 0 0 10000000 0 5 6
6 0 0 10000000 0 0 6
7 0 0 10000000 0 1 24
8 0 0 10000000 0 5 13
9 0 0 10000000 0 11 5
10 0 0 10000000 0 10 4
11 0 0 10000000 0 10 4
12 0 0 10000000 0 7 14
13 0 0 10000000 0 15 18
14 0 0 10000000 0 2 3
15 0 0 10000000 0 2 7
16 0 0 10000000 0 6 6
17 0 0 10000000 0 19 3
18 0 0 10000000 0 17 4
19 0 0 10000000 0 7 6
20 0 0 10000000 0 0 8
21 0 0 10000000 0 15 2
DEPOT_SECTION
1 
-1
EOF
