NAME : R1101_15_80
TYPE : VRPSPD
DIMENSION : 16
VEHICLES : 2
CAPACITY : 80
EDGE_WEIGHT_TYPE : EXPLICIT
EDGE_WEIGHT_FORMAT : FULL_MATRIX
EDGE_WEIGHT_SECTION
0 229993 192585 226716 189447 185348 266993 248646 238447 171724 187003 253308 222225 112361 33121 110887 
229993 0 187489 377143 336204 406985 482203 478592 316623 270703 85094 483216 446951 162733 209747 286086 
192585 187489 0 210402 374957 366231 450076 400382 401101 101272 223573 398399 341721 227495 201400 162200 
226716 377143 210402 0 394271 297379 370061 274235 460431 110041 377902 264169 193866 330341 258141 116000 
189447 336204 374957 394271 0 160462 191262 262574 92049 359924 256164 277195 295408 175114 173738 287253 
185348 406985 366231 297379 160462 0 83863 102181 252224 308968 345774 116778 145801 255282 198033 222697 
266993 482203 450076 370061 191262 83863 0 119407 279517 391152 415246 136418 194054 324607 276293 304777 
248646 478592 400382 274235 262574 102181 119407 0 354401 321811 427791 17205 82492 340000 270880 240010 
238447 316623 401101 460431 92049 252224 279517 354401 0 408130 231562 368793 383099 176045 212565 347052 
171724 270703 101272 110041 359924 308968 391152 321811 408130 0 282406 316901 253876 252733 195576 86377 
187003 85094 223573 377902 256164 345774 415246 427791 231562 282406 0 434871 409099 90802 158710 271326 
253308 483216 398399 264169 277195 116778 136418 17205 368793 316901 434871 0 70605 348080 277027 236932 
222225 446951 341721 193866 295408 145801 194054 82492 383099 253876 409099 70605 0 328373 251072 179778 
112361 162733 227495 330341 175114 255282 324607 340000 176045 252733 90802 348080 328373 0 79699 215641 
33121 209747 201400 258141 173738 198033 276293 270880 212565 195576 158710 277027 251072 79699 0 142144 
110887 286086 162200 116000 287253 222697 304777 240010 347052 86377 271326 236932 179778 215641 142144 0 
PICKUP_AND_DELIVERY_SECTION
1 0 0 10000000 0 0 0
2 0 0 10000000 0 17 4
3 0 0 10000000 0 16 9
4 0 0 10000000 0 8 2
5 0 0 10000000 0 5 6
6 0 0 10000000 0 0 6
7 0 0 10000000 0 1 24
8 0 0 10000000 0 5 13
9 0 0 10000000 0 11 5
10 0 0 10000000 0 10 4
11 0 0 10000000 0 10 4
12 0 0 10000000 0 7 14
13 0 0 10000000 0 15 18
14 0 0 10000000 0 2 3
15 0 0 10000000 0 2 7
16 0 0 10000000 0 6 6
DEPOT_SECTION
1 
-1
EOF
