NAME : R121_20_120
TYPE : VRPSPD
DIMENSION : 21
VEHICLES : 2
CAPACITY : 120
EDGE_WEIGHT_TYPE : EXPLICIT
EDGE_WEIGHT_FORMAT : FULL_MATRIX
EDGE_WEIGHT_SECTION
0 37656 79259 69311 31828 66483 89376 34000 74277 15811 52431 74813 59666 52839 36715 44688 88391 76922 37577 58822 67417 
37656 0 62032 56515 66189 55731 112898 42544 49041 50160 76059 57385 95258 74095 25495 77698 61327 62073 23195 89185 82807 
79259 62032 0 117516 110386 117209 97005 101637 19209 95016 73736 116726 111508 68949 87281 123422 23770 5000 85147 93776 63285 
69311 56515 117516 0 76217 4000 158493 38471 102005 68600 121165 9220 124531 120880 34986 80231 111647 118089 35777 127781 133405 
31828 66189 110386 76217 0 72450 97862 38639 106104 16401 66483 84202 51624 69116 54231 13038 120216 107703 56436 62650 86023 
66483 55731 117209 4000 72450 0 155795 34986 102122 65192 118562 13153 121078 118406 33106 76295 112147 117614 34176 124740 131229 
89376 112898 97005 158493 97862 155795 0 122801 109895 94668 37537 163355 54000 38833 124483 106042 120104 92005 124579 35440 34366 
34000 42544 101637 38471 38639 34986 122801 0 91000 30232 86284 45880 86093 86833 20000 45177 103755 100623 22804 90510 101237 
74277 49041 19209 102005 106104 102122 109895 91000 0 89939 81744 100319 116108 77414 74465 118929 14213 22672 72035 101000 75538 
15811 50160 95016 68600 16401 65192 94668 30232 89939 0 59808 75584 55946 61400 41304 29000 104005 92590 43105 61074 77466 
52431 76059 73736 121165 66483 118562 37537 86284 81744 59808 0 125865 40311 5000 86977 77006 94149 69080 87046 20125 20881 
74813 57385 116726 9220 84202 13153 163355 45880 100319 75584 125865 0 131488 125256 38897 88814 109041 117686 39051 133600 137004 
59666 95258 111508 124531 51624 121078 54000 86093 116108 55946 40311 131488 0 45255 95520 56080 129619 107187 96768 22361 59641 
52839 74095 68949 120880 69116 118406 38833 86833 77414 61400 5000 125256 45255 0 86371 80056 89627 64257 86279 25060 17117 
36715 25495 87281 34986 54231 33106 124483 20000 74465 41304 86977 38897 95520 86371 0 63063 86377 87023 2828 95415 98473 
44688 77698 123422 80231 13038 76295 106042 45177 118929 29000 77006 88814 56080 80056 63063 0 133004 120739 65521 70605 97129 
88391 61327 23770 111647 120216 112147 120104 103755 14213 104005 94149 109041 129619 89627 86377 133004 0 28636 83815 113759 86000 
76922 62073 5000 118089 107703 117614 92005 100623 22672 92590 69080 117686 107187 64257 87023 120739 28636 0 85000 89157 58310 
37577 23195 85147 35777 56436 34176 124579 22804 72035 43105 87046 39051 96768 86279 2828 65521 83815 85000 0 96042 98005 
58822 89185 93776 127781 62650 124740 35440 90510 101000 61074 20125 133600 22361 25060 95415 70605 113759 89157 96042 0 37643 
67417 82807 63285 133405 86023 131229 34366 101237 75538 77466 20881 137004 59641 17117 98473 97129 86000 58310 98005 37643 0 
PICKUP_AND_DELIVERY_SECTION
1 0 0 10000000 0 0 0
2 0 0 10000000 0 10 24
3 0 0 10000000 0 2 6
4 0 0 10000000 0 32 7
5 0 0 10000000 0 0 19
6 0 0 10000000 0 26 6
7 0 0 10000000 0 13 1
8 0 0 10000000 0 12 10
9 0 0 10000000 0 0 21
10 0 0 10000000 0 2 33
11 0 0 10000000 0 15 8
12 0 0 10000000 0 15 3
13 0 0 10000000 0 14 2
14 0 0 10000000 0 17 10
15 0 0 10000000 0 7 8
16 0 0 10000000 0 2 11
17 0 0 10000000 0 0 24
18 0 0 10000000 0 7 22
19 0 0 10000000 0 6 7
20 0 0 10000000 0 9 2
21 0 0 10000000 0 5 2
DEPOT_SECTION
1 
-1
EOF
