NAME : R141_20_120
TYPE : VRPSPD
DIMENSION : 21
VEHICLES : 2
CAPACITY : 120
EDGE_WEIGHT_TYPE : EXPLICIT
EDGE_WEIGHT_FORMAT : FULL_MATRIX
EDGE_WEIGHT_SECTION
0 89894 87207 105437 82608 92849 91241 49406 51923 60208 25080 45000 104637 53367 94641 82079 92049 67119 109165 66370 82462 
89894 0 158013 128413 169838 166108 55172 41761 112414 41183 107564 53907 24083 115209 18974 72111 153681 45541 19647 150333 172235 
87207 158013 0 186938 49163 8944 127138 118423 128004 142127 62177 129035 162099 127988 153310 169163 154019 116250 177138 105603 71028 
105437 128413 186938 0 161941 190394 168077 116902 59203 91005 127562 87476 152453 59641 145582 57009 58310 144014 137361 99328 147258 
82608 169838 49163 161941 0 45177 153808 128082 104000 142790 62298 127393 180336 102956 170578 159389 118106 136077 189465 67179 22804 
92849 166108 8944 190394 45177 0 136015 126143 131244 149050 67779 135595 170658 131046 161790 174929 155081 124780 185327 105679 67742 
91241 55172 127138 168077 153808 136015 0 52038 133959 78102 96260 81056 43081 136341 38833 117047 177341 25495 66888 157544 163380 
49406 41761 118423 116902 128082 126143 52038 0 83169 31241 65803 29428 55317 85703 45343 69971 126531 27166 61400 113455 131061 
51923 112414 128004 59203 104000 131244 133959 83169 0 71701 70491 58830 133600 2828 124423 64846 43417 108467 128222 48508 91782 
60208 41183 142127 91005 142790 149050 78102 31241 71701 0 83150 15811 63906 74518 55785 39395 112508 55946 56586 112606 140943 
25080 107564 62177 127562 62298 67779 96260 65803 70491 83150 0 68731 118533 71197 108674 107154 105262 75604 127201 67897 67624 
45000 53907 129035 87476 127393 135595 81056 29428 58830 15811 68731 0 74793 61587 65742 43841 101134 56569 70937 97417 125160 
104637 24083 162099 152453 180336 170658 43081 55317 133600 63906 118533 74793 0 136341 10000 96187 175756 45891 25495 168345 185400 
53367 115209 127988 59641 102956 131046 136341 85703 2828 74518 71197 61587 136341 0 127142 67357 41000 110856 131046 46271 90244 
94641 18974 153310 145582 170578 161790 38833 45343 124423 55785 108674 65742 10000 127142 0 90022 166859 37121 28178 158493 175445 
82079 72111 169163 57009 159389 174929 117047 69971 64846 39395 107154 43841 96187 67357 90022 0 95131 95341 80362 113031 152003 
92049 153681 154019 58310 118106 155081 177341 126531 43417 112508 105262 101134 175756 41000 166859 95131 0 151855 168107 50931 99202 
67119 45541 116250 144014 136077 124780 25495 27166 108467 55946 75604 56569 45891 110856 37121 95341 151855 0 62801 133454 143224 
109165 19647 177138 137361 189465 185327 66888 61400 128222 56586 127201 70937 25495 131046 28178 80362 168107 62801 0 168220 191596 
66370 150333 105603 99328 67179 105679 157544 113455 48508 112606 67897 97417 168345 46271 158493 113031 50931 133454 168220 0 48877 
82462 172235 71028 147258 22804 67742 163380 131061 91782 140943 67624 125160 185400 90244 175445 152003 99202 143224 191596 48877 0 
PICKUP_AND_DELIVERY_SECTION
1 0 0 10000000 0 0 0
2 0 0 10000000 0 13 7
3 0 0 10000000 0 13 6
4 0 0 10000000 0 4 1
5 0 0 10000000 0 6 9
6 0 0 10000000 0 25 14
7 0 0 10000000 0 7 3
8 0 0 10000000 0 3 19
9 0 0 10000000 0 9 13
10 0 0 10000000 0 14 11
11 0 0 10000000 0 6 15
12 0 0 10000000 0 10 12
13 0 0 10000000 0 12 12
14 0 0 10000000 0 5 8
15 0 0 10000000 0 5 9
16 0 0 10000000 0 25 6
17 0 0 10000000 0 11 12
18 0 0 10000000 0 4 10
19 0 0 10000000 0 14 0
20 0 0 10000000 0 3 17
21 0 0 10000000 0 2 8
DEPOT_SECTION
1 
-1
EOF
