NAME : R141_15_120
TYPE : VRPSPD
DIMENSION : 16
VEHICLES : 2
CAPACITY : 120
EDGE_WEIGHT_TYPE : EXPLICIT
EDGE_WEIGHT_FORMAT : FULL_MATRIX
EDGE_WEIGHT_SECTION
0 89894 87207 105437 82608 92849 91241 49406 51923 60208 25080 45000 104637 53367 94641 82079 
89894 0 158013 128413 169838 166108 55172 41761 112414 41183 107564 53907 24083 115209 18974 72111 
87207 158013 0 186938 49163 8944 127138 118423 128004 142127 62177 129035 162099 127988 153310 169163 
105437 128413 186938 0 161941 190394 168077 116902 59203 91005 127562 87476 152453 59641 145582 57009 
82608 169838 49163 161941 0 45177 153808 128082 104000 142790 62298 127393 180336 102956 170578 159389 
92849 166108 8944 190394 45177 0 136015 126143 131244 149050 67779 135595 170658 131046 161790 174929 
91241 55172 127138 168077 153808 136015 0 52038 133959 78102 96260 81056 43081 136341 38833 117047 
49406 41761 118423 116902 128082 126143 52038 0 83169 31241 65803 29428 55317 85703 45343 69971 
51923 112414 128004 59203 104000 131244 133959 83169 0 71701 70491 58830 133600 2828 124423 64846 
60208 41183 142127 91005 142790 149050 78102 31241 71701 0 83150 15811 63906 74518 55785 39395 
25080 107564 62177 127562 62298 67779 96260 65803 70491 83150 0 68731 118533 71197 108674 107154 
45000 53907 129035 87476 127393 135595 81056 29428 58830 15811 68731 0 74793 61587 65742 43841 
104637 24083 162099 152453 180336 170658 43081 55317 133600 63906 118533 74793 0 136341 10000 96187 
53367 115209 127988 59641 102956 131046 136341 85703 2828 74518 71197 61587 136341 0 127142 67357 
94641 18974 153310 145582 170578 161790 38833 45343 124423 55785 108674 65742 10000 127142 0 90022 
82079 72111 169163 57009 159389 174929 117047 69971 64846 39395 107154 43841 96187 67357 90022 0 
PICKUP_AND_DELIVERY_SECTION
1 0 0 10000000 0 0 0
2 0 0 10000000 0 13 7
3 0 0 10000000 0 13 6
4 0 0 10000000 0 4 1
5 0 0 10000000 0 6 9
6 0 0 10000000 0 25 14
7 0 0 10000000 0 7 3
8 0 0 10000000 0 3 19
9 0 0 10000000 0 9 13
10 0 0 10000000 0 14 11
11 0 0 10000000 0 6 15
12 0 0 10000000 0 10 12
13 0 0 10000000 0 12 12
14 0 0 10000000 0 5 8
15 0 0 10000000 0 5 9
16 0 0 10000000 0 25 6
DEPOT_SECTION
1 
-1
EOF
