NAME : R161_15_80
TYPE : VRPSPD
DIMENSION : 16
VEHICLES : 3
CAPACITY : 80
EDGE_WEIGHT_TYPE : EXPLICIT
EDGE_WEIGHT_FORMAT : FULL_MATRIX
EDGE_WEIGHT_SECTION
0 142004 77389 91214 31385 198035 64777 115836 163003 121017 91935 128413 135070 7280 141014 107912 
142004 0 218833 107280 173349 217442 87618 69289 304921 252353 54120 241696 141014 135093 250599 34205 
77389 218833 0 158256 46239 237034 140730 183371 88414 59682 167048 91526 192200 84581 127624 184938 
91214 107280 158256 0 115278 125674 41617 131735 230846 210155 90708 219477 49679 85071 147611 82055 
31385 173349 46239 115278 0 208665 94641 143391 131822 95037 122674 110982 154029 38471 127475 139284 
198035 217442 237034 125674 208665 0 166883 256320 276904 296515 215244 319525 78447 194466 145055 201814 
64777 87618 140730 41617 94641 166883 0 93648 222428 185389 54037 187920 91214 57559 164794 55073 
115836 69289 183371 131735 143391 256320 93648 0 271765 203226 41110 184054 178084 110982 250122 58898 
163003 304921 88414 230846 131822 276904 222428 271765 0 95525 254421 140357 253428 169838 136297 270756 
121017 252353 59682 210155 95037 296515 185389 203226 95525 0 198305 45000 248357 128062 182981 220327 
91935 54120 167048 90708 122674 215244 54037 41110 254421 198305 0 188175 137084 85586 215984 25710 
128413 241696 91526 219477 110982 319525 187920 184054 140357 45000 188175 0 262880 134406 219128 212530 
135070 141014 192200 49679 154029 78447 91214 178084 253428 248357 137084 262880 0 129865 145344 123454 
7280 135093 84581 85071 38471 194466 57559 110982 169838 128062 85586 134406 129865 0 143283 100955 
141014 250599 127624 147611 127475 145055 164794 250122 136297 182981 215984 219128 145344 143283 0 219659 
107912 34205 184938 82055 139284 201814 55073 58898 270756 220327 25710 212530 123454 100955 219659 0 
PICKUP_AND_DELIVERY_SECTION
1 0 0 10000000 0 0 0
2 0 0 10000000 0 7 3
3 0 0 10000000 0 7 6
4 0 0 10000000 0 6 15
5 0 0 10000000 0 4 10
6 0 0 10000000 0 0 14
7 0 0 10000000 0 8 16
8 0 0 10000000 0 22 7
9 0 0 10000000 0 19 2
10 0 0 10000000 0 8 2
11 0 0 10000000 0 15 10
12 0 0 10000000 0 15 5
13 0 0 10000000 0 4 17
14 0 0 10000000 0 1 23
15 0 0 10000000 0 5 6
16 0 0 10000000 0 2 1
DEPOT_SECTION
1 
-1
EOF
