NAME : R181_17_120
TYPE : VRPSPD
DIMENSION : 18
VEHICLES : 3
CAPACITY : 120
EDGE_WEIGHT_TYPE : EXPLICIT
EDGE_WEIGHT_FORMAT : FULL_MATRIX
EDGE_WEIGHT_SECTION
0 149030 80654 183183 193290 219237 118207 118068 169319 157686 193848 256363 214394 131590 181466 119871 56727 157496 
149030 0 226991 280817 117597 240651 34132 259187 290167 72945 46400 403172 363352 178084 206620 163086 94826 154574 
80654 226991 0 191460 247730 223504 197798 85726 107648 237693 270148 191638 138708 145825 234139 141908 132231 223973 
183183 280817 191460 0 365662 399396 247800 113455 295169 236840 325025 205295 221840 312640 119708 302200 223020 157724 
193290 117597 247730 365662 0 148661 135418 310395 265424 190379 111221 439210 383450 127769 314606 120000 143265 265650 
219237 240651 223504 399396 148661 0 240637 307612 176777 304105 252400 397921 328722 87664 391874 100499 202428 354189 
118207 34132 197798 247800 135418 240637 0 225657 268745 63514 80449 370239 332415 168799 180236 153212 67683 130292 
118068 259187 85726 113455 310395 307612 225657 0 183044 244755 305452 146240 127566 226009 189447 219329 173557 199060 
169319 290167 107648 295169 265424 176777 268745 183044 0 321350 325564 229079 156627 138004 340372 145774 202062 325085 
157686 72945 237693 236840 190379 304105 63514 244755 321350 0 101242 390800 363464 231320 143265 215676 120669 89944 
193848 46400 270148 325025 111221 252400 80449 305452 325564 101242 0 449027 407613 203039 243296 189320 138221 190095 
256363 403172 191638 205295 439210 397921 370239 146240 229079 390800 449027 0 73437 332280 316304 331024 313081 337966 
214394 363352 138708 221840 383450 328722 332415 127566 156627 363464 407613 73437 0 268829 316002 269596 269401 326172 
131590 178084 145825 312640 127769 87664 168799 226009 138004 231320 203039 332280 268829 0 305944 15652 119206 270934 
181466 206620 234139 119708 314606 391874 180236 189447 340372 143265 243296 316304 316002 305944 0 291810 190379 53339 
119871 163086 141908 302200 120000 100499 153212 219329 145774 215676 189320 331024 269596 15652 291810 0 104062 255988 
56727 94826 132231 223020 143265 202428 67683 173557 202062 120669 138221 313081 269401 119206 190379 104062 0 152043 
157496 154574 223973 157724 265650 354189 130292 199060 325085 89944 190095 337966 326172 270934 53339 255988 152043 0 
PICKUP_AND_DELIVERY_SECTION
1 0 0 10000000 0 0 0
2 0 0 10000000 0 1 11
3 0 0 10000000 0 2 4
4 0 0 10000000 0 14 1
5 0 0 10000000 0 2 3
6 0 0 10000000 0 17 6
7 0 0 10000000 0 3 18
8 0 0 10000000 0 8 15
9 0 0 10000000 0 27 5
10 0 0 10000000 0 10 18
11 0 0 10000000 0 2 31
12 0 0 10000000 0 10 4
13 0 0 10000000 0 19 7
14 0 0 10000000 0 12 10
15 0 0 10000000 0 17 5
16 0 0 10000000 0 4 4
17 0 0 10000000 0 0 9
18 0 0 10000000 0 5 3
DEPOT_SECTION
1 
-1
EOF
