NAME : eil30.66
TYPE : VRPB
DIMENSION : 30
VEHICLES : 3
CAPACITY : 4500
EDGE_WEIGHT_TYPE : EXPLICIT
EDGE_WEIGHT_FORMAT : FULL_MATRIX
EDGE_WEIGHT_SECTION
0 63 56 42 55 64 56 58 39 45 33 37 38 46 41 37 43 49 9 16 19 23 26 11 64 64 47 69 60 59 
63 0 24 21 12 13 8 117 102 108 95 98 100 106 103 97 102 111 72 47 44 78 39 74 8 13 32 26 44 15 
56 24 0 21 14 13 25 114 94 101 89 93 94 102 95 93 99 104 65 43 38 65 30 67 31 36 46 49 62 36 
42 21 21 0 13 23 15 98 82 87 75 78 80 86 83 77 83 91 52 27 23 57 18 53 24 26 26 36 43 23 
55 12 14 13 0 10 12 111 94 100 88 91 92 99 95 90 96 103 64 40 36 68 30 66 18 23 34 36 49 22 
64 13 13 23 10 0 18 121 103 109 97 101 102 109 104 100 106 113 73 49 45 76 38 75 21 27 43 40 57 28 
56 8 25 15 12 18 0 110 95 100 87 91 92 98 96 89 94 103 65 40 37 72 33 67 9 12 25 24 38 10 
58 117 114 98 111 121 110 0 27 21 25 23 22 12 29 21 15 17 49 72 76 60 84 48 116 115 93 115 98 110 
39 102 94 82 94 103 95 27 0 7 11 9 8 20 3 17 20 11 30 55 58 34 65 28 103 103 83 106 92 97 
45 108 101 87 100 109 100 21 7 0 13 10 8 15 9 16 17 4 36 61 64 41 71 34 108 108 87 110 96 102 
33 95 89 75 88 97 87 25 11 13 0 4 5 14 14 7 13 16 24 48 52 35 60 23 95 94 74 97 82 89 
37 98 93 78 91 101 91 23 9 10 4 0 1 13 12 8 12 13 27 52 56 37 63 26 98 98 77 100 86 93 
38 100 94 80 92 102 92 22 8 8 5 1 0 13 11 9 13 11 28 53 57 37 64 27 100 99 79 102 87 94 
46 106 102 86 99 109 98 12 20 15 14 13 13 0 22 9 4 14 37 60 64 49 72 36 105 104 81 104 87 98 
41 103 95 83 95 104 96 29 3 9 14 12 11 22 0 20 23 13 31 56 60 33 66 30 104 104 85 108 95 99 
37 97 93 77 90 100 89 21 17 16 7 8 9 9 20 0 6 17 28 51 55 42 63 28 96 95 74 97 81 90 
43 102 99 83 96 106 94 15 20 17 13 12 13 4 23 6 0 16 35 56 61 48 69 34 101 100 78 101 84 95 
49 111 104 91 103 113 103 17 11 4 16 13 11 14 13 17 16 0 39 64 68 45 75 38 111 111 90 113 98 105 
9 72 65 52 64 73 65 49 30 36 24 27 28 37 31 28 35 39 0 25 28 21 36 2 73 73 55 77 67 68 
16 47 43 27 40 49 40 72 55 61 48 52 53 60 56 51 56 64 25 0 6 36 14 27 48 48 33 54 48 43 
19 44 38 23 36 45 37 76 58 64 52 56 57 64 60 55 61 68 28 6 0 36 9 30 45 47 34 53 50 42 
23 78 65 57 68 76 72 60 34 41 35 37 37 49 33 42 48 45 21 36 36 0 39 19 81 82 68 89 83 78 
26 39 30 18 30 38 33 84 65 71 60 63 64 72 66 63 69 75 36 14 9 39 0 37 42 44 36 53 53 40 
11 74 67 53 66 75 67 48 28 34 23 26 27 36 30 28 34 38 2 27 30 19 37 0 75 75 57 79 69 70 
64 8 31 24 18 21 9 116 103 108 95 98 100 105 104 96 101 111 73 48 45 81 42 75 0 6 27 19 37 9 
64 13 36 26 23 27 12 115 103 108 94 98 99 104 104 95 100 111 73 48 47 82 44 75 6 0 24 13 32 5 
47 32 46 26 34 43 25 93 83 87 74 77 79 81 85 74 78 90 55 33 34 68 36 57 27 24 0 23 17 19 
69 26 49 36 36 40 24 115 106 110 97 100 102 104 108 97 101 113 77 54 53 89 53 79 19 13 23 0 23 14 
60 44 62 43 49 57 38 98 92 96 82 86 87 87 95 81 84 98 67 48 50 83 53 69 37 32 17 23 0 29 
59 15 36 23 22 28 10 110 97 102 89 93 94 98 99 90 95 105 68 43 42 78 40 70 9 5 19 14 29 0
DEMAND_SECTION
1 0
2 300
3 3100
4 125
5 100
6 200
7 150
8 150
9 450
10 300
11 100
12 950
13 125
14 150
15 150
16 550
17 150
18 100
19 150
20 400
21 300
22 1500
23 100
24 300
25 500
26 800
27 300
28 100
29 150
30 1000
BACKHAUL_SECTION
4 7 10 13 16 19 22 25 28 -1
DEPOT_SECTION
 1
 -1
EOF
